596
2
941
204
557
431
25
263
322
570
399
318
836
14
696
776
68
6
56
156
730
185
632
883
274
401
690
124
98
614
135
369
617
912
906
864
248
53
134
759
954
738
13
344
639
271
535
54
1
380
835
280
264
574
465
961
912
473
402
367
38
304
870
286
23
974
868
650
67
35
834
133
18
768
990
961
737
429
219
365
772
984
835
958
588
252
541
938
405
327
549
167
436
531
890
875
54
721
944
529
266
437
798
874
425
992
802
688
8
852
541
775
877
532
171
532
624
505
940
151
664
305
227
816
908
21
559
704
108
120
573
111
696
776
94
55
297
63
632
820
168
540
407
934
831
577
950
50
62
354
634
39
522
282
865
16
277
711
816
937
769
725
494
359
895
215
800
800
859
894
220
684
692
239
953
989
352
554
590
780
701
742
738
174
126
291
9
402
93
52
433
963
72
602
368
869
55
577
853
473
75
249
488
725
3
33
149
280
595
232
55
276
566
485
36
736
542
922
646
205
391
433
963
900
170
345
665
617
429
774
779
543
273
545
674
685
523
566
643
603
801
576
900
776
717
560
730
386
410
679
662
784
143
115
918
468
354
556
863
960
242
233
966
969
921
314
853
939
3
255
778
613
929
380
994
37
500
528
549
783
153
456
703
89
576
890
479
389
530
272
722
27
196
500
588
993
387
5
659
565
96
430
684
627
184
188
2
119
843
159
319
791
670
387
214
420
607
581
714
645
979
967
177
520
389
826
105
505
578
890
658
371
935
316
522
198
13
241
142
156
647
591
631
187
473
384
732
604
45
921
528
256
271
813
129
719
543
921
899
607
74
747
18
444
905
439
787
144
14
312
226
460
188
117
455
300
621
3
784
896
148
624
463
393
157
999
612
963
1000
618
398
514
355
13
367
842
855
39
352
862
450
626
946
268
264
578
514
240
761
859
795
393
927
616
301
348
979
611
962
306
170
836
267
988
139
807
493
96
361
113
846
754
857
441
615
207
674
372
5
850
92
822
568
186
147
816
911
466
106
9
528
28
899
492
352
269
334
219
928
163
468
915
637
367
924
722
490
98
834
970
627
912
895
620
966
103
122
683
881
731
619
515
708
932
116
376
677
929
720
494
212
739
993
941
566
819
115
693
546
914
444
546
223
288
374
659
627
62
149
813
206
165
649
706
37
858
795
427
676
896
945
322
439
111
806
215
492
854
18
825
164
514
396
921
677
477
454
879
676
680
639
205
643
730
195
575
172
193
702
26
42
220
700
880
7
867
156
185
125
456
893
673
948
494
143
77
153
56
347
473
895
740
980
524
663
926
573
644
116
514
583
754
137
546
14
326
292
22
580
599
689
612
826
436
546
663
84
258
109
587
138
456
170
532
657
424
515
190
143
584
778
20
540
306
290
712
929
328
582
672
975
429
70
743
143
812
178
167
363
606
967
946
983
399
958
673
153
364
518
284
803
137
98
935
823
527
183
433
368
779
266
919
4
970
298
867
7
402
560
67
906
107
212
473
855
939
883
257
62
144
187
5
518
476
290
381
838
711
744
521
565
678
140
485
157
70
924
469
488
518
57
38
309
639
566
190
192
102
933
551
402
966
666
236
592
466
312
408
207
284
935
730
30
6
599
55
491
780
370
793
301
102
670
886
183
998
98
854
356
896
722
333
218
118
84
51
839
975
80
588
591
602
162
779
16
16
199
161
72
725
921
284
929
819
662
269
622
76
446
637
873
170
951
105
279
888
433
106
615
662
290
86
839
945
258
176
665
732
72
540
980
894
213
944
874
399
843
405
345
380
32
933
73
205
521
81
900
379
984
850
605
1
156
496
895
656
629
679
610
801
193
147
813
562
791
885
721
386
507
818
973
545
892
650
420
490
42
8
887
810
435
45
163
749
5
484
404
722
663
919
63
458
902
860
497
604
643
517
967
325
771
632
236
808
285
251
29
537
498
108
893
782
559
546
904
310
706
458
680
837
893
421
321
987
933
141
128
702
932
383
16
546
919
532
556
200
55
73
764
970
622
629
663
948
48
392
196
635
74
797
539
22
964
117
112
988
831
831
196
435
838
884
166
829
69
932
964
160
22
474
525
735
620
3
243
846
75
352
903
694
36
795
498
490
161
107
859
317
914
154
786
140
848
999
418
672
770
16
398
384
485
92
648
792
885
227
611
135
147
208
315
452
9
468
918
534
289
584
353
941
897
501
984
35
756
568
623
712
69
148
938
723
703
706
179
742
11
641
619
913
734
135
81
690
876
310
37
109
395
328
870
299
806
159
669
931
73
806
222
626
71
877
879
741
827
730
701
957
692
35
355
522
992
309
46
137
136
330
855
480
236
215
649
345
331
365
463
586
458
912
218
301
848
311
156
227
634
68
46
790
835
330
71
186
875
504
485
391
785
363
491
339
72
133
114
346
968
621
265
473
833
844
15
405
638
457
752
678
217
894
91
158
746
982
216
496
511
651
485
314
347
161
427
514
393
40
400
474
869
744
460
708
902
521
815
155
268
541
382
577
748
527
554
416
128
706
717
742
273
103
57
280
356
125
90
675
609
254
630
288
763
83
473
92
112
885
389
936
818
329
616
76
337
930
487
265
622
774
270
970
544
596
912
260
173
787
823
322
685
750
24
500
540
45
653
247
369
743
114
164
856
678
841
228
385
23
245
974
638
173
827
518
565
677
665
618
192
802
864
402
621
466
290
986
755
422
858
805
630
221
802
212
524
906
988
163
891
236
900
996
200
406
548
895
171
441
254
816
579
747
891
719
293
704
37
870
568
727
7
466
323
426
809
691
826
555
900
62
516
652
53
0
793
980
807
35
386
354
663
505
989
90
994
673
209
529
457
20
766
596
322
504
23
166
328
600
405
403
209
846
113
564
241
360
254
769
679
990
265
827
342
241
255
872
941
845
642
927
604
700
154
153
340
906
544
265
513
951
330
14
233
112
825
130
562
338
14
169
479
859
150
361
494
969
416
200
666
965
68
263
460
835
270
477
462
894
933
254
592
41
711
793
15
803
68
94
244
22
136
497
431
164
785
176
272
111
42
922
918
268
237
336
723
904
228
540
687
772
888
292
914
40
497
613
120
201
638
886
413
249
99
264
851
800
666
837
388
561
511
875
688
451
754
487
196
413
262
695
619
413
90
912
670
311
64
271
359
681
358
636
375
909
316
403
674
924
33
406
242
372
458
952
536
65
56
526
918
0
119
812
34
430
511
260
835
968
375
755
777
290
104
846
566
511
346
948
216
478
921
464
818
176
289
12
893
265
176
452
822
480
166
694
515
116
388
182
654
816
703
353
97
684
824
22
935
636
506
899
78
858
809
300
658
136
235
53
258
438
153
545
861
148
28
656
4
988
647
368
717
604
831
739
819
120
685
392
304
236
984
754
845
285
173
895
469
700
345
614
634
513
315
583
595
705
80
5
310
551
842
789
827
230
165
352
221
197
429
478
284
926
805
282
58
634
97
752
895
191
164
6
485
447
551
814
482
982
301
639
138
935
351
298
780
449
805
181
354
78
730
830
661
257
213
360
659
437
314
425
94
759
261
123
744
177
446
947
657
861
909
494
831
312
404
308
0
9
679
662
45
587
286
696
586
579
924
398
12
931
691
535
389
877
509
910
544
621
702
33
208
508
954
588
201
922
615
19
280
908
761
200
506
797
984
596
847
755
572
563
814
992
28
519
861
296
128
568
777
693
814
759
426
75
807
202
624
447
13
865
629
831
200
644
75
939
610
234
921
848
907
915
338
71
45
721
91
877
77
444
338
506
449
79
451
786
863
150
266
425
916
352
227
406
886
139
541
895
87
794
711
812
560
825
773
142
0
331
222
566
49
569
758
557
751
523
478
281
676
661
283
205
942
426
790
366
0
786
757
45
283
470
357
530
930
830
860
590
876
548
439
369
972
582
580
371
428
187
416
441
792
550
468
933
204
664
409
505
572
580
13
635
653
929
890
516
769
666
270
125
277
405
929
473
634
862
240
214
553
21
718
771
852
337
393
748
538
422
861
174
959
854
789
541
830
866
23
617
969
133
181
215
871
586
863
427
902
169
604
41
168
688
98
89
865
625
323
271
264
147
801
371
266
748
673
941
405
911
97
761
530
36
642
231
46
24
446
819
833
99
179
32
191
525
542
499
805
515
779
75
678
967
648
309
550
397
539
90
33
512
360
119
994
302
297
470
293
875
398
968
368
439
789
482
68
621
422
911
14
912
50
112
11
830
12
1
345
463
791
981
34
163
180
488
792
276
94
911
256
835
16
116
537
100
712
372
762
935
562
14
775
451
520
283
344
79
5
406
689
709
500
7
300
126
790
16
173
230
374
114
0
912
535
255
654
899
321
84
652
805
713
891
753
349
208
32
378
766
658
507
317
841
728
625
637
636
629
846
106
976
854
868
3
44
88
360
139
395
378
183
664
538
631
688
680
584
749
186
206
902
370
838
501
242
991
581
359
547
929
138
415
901
590
397
631
150
251
568
163
693
455
237
643
630
697
759
893
992
653
772
222
995
67
298
23
719
61
9
365
115
964
829
273
393
842
290
96
339
478
846
497
442
528
2
148
917
863
174
243
643
224
974
240
81
295
222
471
43
925
752
625
71
1
702
21
890
228
615
146
393
995
775
827
419
452
628
683
700
23
91
366
386
314
775
35
80
156
700
579
109
20
289
703
921
849
356
693
204
25
649
113
340
188
188
622
742
423
24
189
335
168
48
872
341
251
107
22
570
626
840
7
388
947
984
850
421
10
112
798
76
262
740
605
203
375
98
579
779
343
107
270
92
872
536
938
359
365
303
838
148
512
637
832
576
333
526
318
490
744
811
497
661
750
572
183
108
487
114
962
347
459
258
840
402
824
3
875
912
491
485
325
43
30
54
789
927
245
73
243
779
63
845
361
948
910
951
650
265
717
456
487
139
801
874
620
835
897
930
3
522
170
862
356
549
800
765
924
666
539
620
632
123
750
372
232
157
500
644
578
615
976
735
435
789
883
871
532
543
822
942
329
858
88
417
32
840
332
914
922
937
528
953
502
194
403
286
650
591
223
814
319
130
385
694
203
156
819
743
892
374
440
514
216
686
825
706
237
685
486
403
188
620
543
52
952
192
627
874
717
708
992
475
202
883
590
210
27
629
4
150
613
756
585
718
19
861
793
249
150
703
56
150
211
1
49
646
383
306
144
640
777
864
362
860
416
525
190
731
288
518
249
945
65
113
992
936
691
408
842
61
935
8
228
13
189
374
849
531
881
14
326
586
20
719
716
160
21
693
220
317
503
322
889
21
532
291
696
664
814
92
247
347
133
310
292
934
595
493
612
760
922
497
245
113
373
162
935
49
146
356
836
65
11
584
678
459
473
564
567
535
967
810
962
703
176
23
237
360
906
325
5
274
972
289
202
427
357
164
43
530
137
989
897
388
954
525
276
348
0
415
487
983
198
790
171
419
534
630
253
118
260
895
11
686
717
139
786
218
687
812
758
661
408
705
90
728
402
274
462
32
782
174
71
140
153
7
896
584
243
581
156
679
880
306
93
799
766
911
517
871
296
250
318
3
631
62
50
151
727
222
932
76
320
570
929
575
196
143
615
883
894
883
617
16
423
197
13
84
915
273
449
633
79
931
518
60
362
442
337
176
805
743
402
500
496
796
400
621
442
251
477
861
571
996
380
673
65
621
245
650
963
255
26
247
561
702
785
981
590
967
515
451
840
29
85
565
336
813
539
20
318
740
3
486
230
466
893
416
247
596
667
238
88
313
508
330
483
781
96
2
315
198
7
145
912
694
767
320
876
463
452
576
313
948
866
891
898
275
922
114
541
415
41
681
35
633
734
22
80
207
886
747
240
539
947
734
333
461
526
944
831
534
155
609
458
94
44
664
654
242
164
658
407
550
666
525
849
237
683
630
380
672
224
260
716
346
941
670
507
684
410
215
711
468
314
176
411
370
475
274
980
1000
928
89
228
83
8
15
699
879
389
183
207
780
479
904
975
360
854
817
667
593
877
5
221
772
7
525
162
873
147
282
873
627
672
999
205
977
526
189
577
259
735
159
773
25
182
570
365
236
60
468
15
287
441
968
343
932
21
240
958
581
836
541
2
356
160
775
12
899
183
383
411
268
197
998
709
521
508
294
277
262
466
785
754
799
617
321
551
469
245
597
252
715
248
980
307
77
411
707
658
456
233
615
744
337
69
682
67
230
287
128
899
374
636
725
563
362
584
718
924
733
417
859
284
473
646
279
211
764
454
336
806
237
217
52
174
842
16
849
93
666
811
575
500
319
600
408
948
643
139
16
106
877
494
604
17
745
328
624
522
873
337
352
880
573
786
822
748
41
797
281
40
207
704
847
615
511
72
521
964
729
440
62
907
336
593
807
221
738
375
559
272
948
866
683
389
389
264
923
83
739
620
179
149
539
234
935
430
814
544
160
743
901
461
220
128
354
160
87
228
908
462
582
142
846
171
606
493
446
35
173
573
78
266
664
376
812
113
146
774
665
517
329
384
352
259
940
1
366
363
510
8
65
168
830
603
555
731
815
227
139
517
977
4
139
169
263
446
646
427
874
701
848
304
737
155
490
117
908
316
969
344
22
688
585
897
382
575
430
427
571
846
174
463
572
209
329
851
549
976
779
925
993
14
62
609
34
916
545
799
773
545
53
645
982
960
419
723
384
80
325
762
211
565
889
615
614
179
554
752
527
485
643
952
519
937
524
399
952
606
849
75
786
709
901
776
29
66
93
424
472
444
544
629
22
892
715
705
40
291
531
101
427
880
405
785
603
328
780
563
663
254
846
790
550
804
415
707
570
132
639
466
260
777
577
478
378
575
438
32
228
853
856
506
615
65
107
647
538
247
707
59
147
335
10
539
20
873
586
75
569
44
340
336
125
527
386
160
72
990
78
478
173
200
396
981
880
104
549
811
749
876
159
240
926
474
27
729
234
251
648
441
851
344
794
607
375
119
379
728
724
895
368
182
768
905
475
573
864
427
357
683
902
828
36
652
401
614
335
811
542
689
817
231
428
718
236
990
749
375
328
985
359
915
503
494
21
344
416
940
884
593
968
942
195
492
899
487
586
428
513
785
748
282
222
724
444
765
776
543
121
655
901
31
276
6
458
246
5
644
841
15
908
725
827
225
483
426
892
244
445
937
36
555
606
476
369
846
362
585
930
940
968
405
724
47
25
260
209
12
438
872
543
561
769
134
486
810
895
716
97
335
338
822
342
515
905
417
476
224
879
559
715
39
528
449
32
4
422
856
733
415
474
420
356
701
616
238
870
474
448
854
668
243
631
682
179
134
639
163
973
492
219
448
771
85
387
109
331
554
936
281
739
745
981
800
472
874
585
503
383
815
901
333
840
842
618
2
202
486
287
317
874
711
846
859
198
174
668
543
339
383
97
739
128
24
768
694
880
27
14
608
343
702
598
925
398
115
504
121
662
117
778
789
514
911
512
205
409
692
260
166
809
387
332
584
166
465
554
904
395
300
13
375
615
958
400
868
153
404
380
881
318
692
681
173
451
222
22
611
737
103
351
978
354
354
65
511
742
151
212
641
709
751
787
418
180
52
949
111
508
666
74
735
994
63
318
41
475
497
122
610
925
882
269
604
783
329
109
800
476
59
782
872
485
626
85
860
411
312
744
294
487
9
750
533
115
141
617
992
290
403
593
823
258
914
960
931
7
274
93
11
815
951
594
865
703
618
517
691
362
419
647
404
859
436
56
189
990
482
398
197
239
64
366
334
843
429
862
540
234
975
74
285
488
946
361
12
111
870
456
499
557
755
180
983
394
915
401
871
559
95
249
528
548
695
135
834
529
641
394
902
307
921
615
455
589
433
365
15
760
461
491
827
500
88
93
96
514
803
420
862
886
212
718
566
755
177
954
755
443
975
352
555
877
977
860
116
87
680
671
915
347
822
35
527
416
259
758
628
263
336
656
390
70
160
3
51
169
136
559
814
146
809
397
57
109
285
663
346
747
1000
756
375
946
401
317
586
131
887
783
315
20
847
985
678
570
551
982
485
738
267
83
147
10
8
586
655
350
37
272
936
719
772
880
794
425
148
378
287
963
148
587
675
188
59
225
429
200
947
655
5
650
210
864
998
46
389
588
645
377
489
298
889
964
364
758
67
221
350
349
36
127
491
771
78
466
594
199
919
330
725
761
190
421
153
933
855
466
16
533
18
375
713
213
648
838
756
815
608
390
567
915
600
376
781
145
868
987
601
671
738
321
954
920
191
870
937
555
807
58
516
909
122
577
381
366
651
862
500
698
22
16
973
496
171
636
404
48
236
103
21
489
755
139
822
611
403
409
343
436
627
318
551
279
551
319
760
691
893
8
74
481
565
900
655
835
853
866
248
203
98
41
324
252
640
331
159
893
412
918
643
135
50
633
467
436
672
557
714
184
130
77
611
241
218
983
645
981
76
259
834
698
280
157
928
625
7
560
904
411
18
546
760
148
198
962
692
520
576
510
833
455
791
554
389
875
365
630
891
319
678
911
789
918
334
801
803
946
195
838
654
713
413
19
150
457
599
358
888
474
213
432
558
521
348
11
876
278
902
170
791
418
852
429
714
806
656
214
624
625
357
919
531
114
793
743
735
321
544
931
415
180
810
503
63
649
858
82
883
874
993
769
468
868
100
505
657
596
332
763
938
89
866
694
191
520
853
763
889
680
105
125
511
375
957
134
727
166
834
529
258
807
711
18
503
592
253
567
112
71
949
940
149
410
855
379
527
427
428
467
165
79
957
189
384
663
106
742
800
611
924
67
802
524
228
309
354
772
201
403
732
196
553
546
205
383
31
184
773
545
604
528
257
44
244
274
984
612
290
491
326
533
807
416
305
80
923
195
974
88
119
41
635
17
49
796
250
770
68
133
120
89
650
648
740
849
154
650
691
560
471
443
820
755
599
619
343
685
954
705
91
539
263
908
752
965
420
133
965
283
587
62
317
918
881
310
266
116
761
220
832
288
877
5
687
234
55
707
436
405
578
663
242
100
389
1000
495
250
79
713
884
819
844
234
270
159
955
890
443
285
449
480
416
862
689
495
885
300
648
700
17
10
912
874
768
726
378
929
600
165
142
205
666
809
682
773
63
607
13
534
687
289
781
562
115
726
561
553
416
663
746
246
588
115
204
821
640
152
808
153
62
38
9
983
863
785
800
882
453
540
200
549
319
174
187
630
30
565
344
1000
274
715
653
821
154
458
939
720
41
467
212
36
674
117
974
365
103
42
0
438
460
22
197
12
908
192
931
392
668
1
324
21
12
920
391
899
53
216
213
418
5
659
803
582
272
580
321
966
324
557
135
90
404
145
494
554
437
563
625
961
781
644
818
604
184
902
334
196
421
467
681
163
541
714
144
68
867
841
890
546
493
650
895
461
631
371
861
687
2
367
409
630
695
239
699
32
354
772
891
75
624
329
936
789
300
92
581
381
340
288
906
65
294
517
517
582
687
533
824
256
62
422
159
548
548
515
520
9
411
213
817
315
913
570
159
400
636
86
829
435
223
596
964
14
596
968
846
955
199
637
387
332
420
753
871
328
308
262
84
43
882
523
528
299
451
110
401
77
288
101
605
11
684
544
114
463
134
103
149
984
393
930
125
445
546
548
576
593
226
285
274
811
326
269
923
922
832
398
574
892
677
482
348
93
308
791
869
20
16
520
913
527
983
127
640
12
483
178
457
362
976
5
384
368
595
569
202
224
212
732
697
192
315
456
312
602
747
982
619
336
616
86
658
71
790
215
219
657
73
331
891
504
784
494
759
310
323
191
808
100
86
815
911
641
109
92
205
559
374
872
29
324
787
418
375
786
995
142
35
203
462
16
223
487
195
260
759
294
284
833
867
420
459
941
666
393
475
787
505
710
104
565
878
837
838
623
749
447
981
830
119
278
102
715
21
48
984
314
166
978
222
553
985
81
450
860
311
160
761
804
954
273
900
895
32
129
291
12
114
982
165
175
676
558
376
205
316
510
816
975
554
283
597
614
974
381
131
101
328
921
213
429
587
819
2
945
704
210
141
728
918
894
183
338
12
795
100
796
854
17
805
714
822
480
344
14
285
568
305
899
351
897
943
338
765
685
280
887
257
700
992
180
223
870
589
405
585
119
367
169
71
3
755
408
581
127
238
923
535
382
888
188
697
949
840
114
915
284
696
465
166
758
816
953
299
159
764
148
887
968
208
452
108
282
873
740
929
683
346
997
661
256
649
935
998
73
306
492
331
23
55
216
904
75
254
600
720
232
195
764
46
167
796
618
806
278
2
51
226
38
541
972
403
670
423
8
491
44
946
991
943
534
495
365
128
401
157
398
441
251
880
950
883
204
66
342
971
636
324
948
707
714
314
833
226
291
374
775
929
173
296
952
170
920
493
748
291
818
602
856
746
996
852
17
16
840
848
74
61
170
645
362
770
376
24
323
684
362
160
729
190
508
365
619
869
13
163
480
28
623
385
991
600
510
177
922
523
713
257
610
722
344
980
135
202
874
371
719
558
914
172
21
756
1000
893
817
826
640
705
61
176
82
16
151
425
194
793
541
803
554
498
688
888
824
210
854
887
341
618
247
614
738
111
298
208
281
883
591
875
980
831
691
844
834
20
208
703
716
187
544
132
182
911
651
180
150
14
424
145
961
694
963
384
782
551
980
780
588
980
611
998
121
72
501
449
299
64
987
43
143
838
390
707
933
3
929
822
752
950
24
468
150
66
426
192
239
741
395
666
52
429
342
347
2
740
895
706
83
362
503
114
548
801
143
274
842
122
165
622
6
393
39
473
499
621
49
720
309
652
83
628
13
535
203
1000
127
195
946
271
770
44
74
142
701
817
19
460
525
73
160
438
41
731
265
982
742
727
28
795
22
752
771
704
448
304
709
967
731
749
49
898
347
216
701
620
180
379
823
550
165
428
929
885
573
371
227
105
479
710
914
983
80
77
584
919
761
330
264
398
461
295
257
484
120
10
431
324
923
276
840
681
123
371
304
730
249
974
877
555
742
212
218
541
139
855
289
912
270
439
841
228
303
314
731
280
221
969
770
113
480
559
296
871
573
614
778
567
719
403
612
797
689
461
521
369
564
271
779
909
585
89
676
480
666
608
323
556
764
298
23
86
171
53
325
83
629
35
235
393
141
823
652
971
236
908
939
664
604
756
756
265
584
380
232
899
2
979
192
528
546
892
78
352
381
883
522
345
667
747
367
376
1
505
684
563
107
794
688
3
553
377
103
555
750
986
278
534
561
772
605
228
692
610
518
3
143
247
509
564
198
138
200
353
242
990
449
739
986
680
880
413
223
878
341
37
12
0
173
417
463
925
418
223
689
928
567
158
958
412
501
190
808
200
416
59
507
823
944
9
600
804
104
119
244
516
691
419
248
452
850
809
575
977
549
972
24
502
949
707
277
746
942
6
745
906
941
619
253
264
575
807
769
11
955
566
206
52
313
357
478
2
114
718
271
731
852
394
473
225
662
80
534
508
549
764
366
890
828
867
816
756
990
115
340
520
53
480
243
70
480
253
842
756
7
297
951
102
797
891
676
448
653
559
966
79
580
326
652
977
336
68
444
557
770
290
389
466
634
423
293
74
188
277
58
376
889
577
60
334
979
167
651
661
818
776
240
459
489
985
212
676
699
273
790
818
382
62
874
234
165
403
927
0
199
84
725
150
713
609
876
648
609
144
248
998
846
671
769
7
863
286
984
294
857
475
299
679
124
119
179
782
624
429
437
418
730
375
337
584
336
449
647
554
338
22
510
80
468
816
60
405
971
307
827
494
990
373
611
0
492
732
897
486
628
353
771
56
142
212
522
940
244
52
174
314
73
375
809
493
740
889
871
862
801
515
669
963
343
21
516
545
272
226
38
131
183
470
578
748
940
846
442
600
235
444
377
912
908
432
13
84
500
500
660
258
448
526
498
349
187
797
480
398
810
333
39
791
658
368
169
486
555
947
0
111
402
589
624
778
121
950
539
334
195
196
7
953
997
358
2
339
168
270
817
219
168
651
303
879
722
774
945
161
410
560
498
956
143
802
820
513
557
647
954
881
833
430
391
273
20
895
364
863
28
992
881
709
602
411
214
427
979
831
701
429
13
233
721
188
58
875
903
125
136
65
433
637
678
497
167
450
897
935
631
553
823
642
714
192
283
15
46
302
544
346
479
502
864
545
97
502
114
27
356
389
103
9
136
595
642
128
637
822
259
883
970
931
956
8
712
830
537
262
959
786
8
568
584
529
405
193
881
918
266
39
935
294
598
422
421
202
309
489
433
260
299
752
104
935
855
748
16
891
70
914
214
175
830
775
305
916
53
370
303
115
753
420
85
95
154
921
666
237
345
331
136
917
20
195
66
935
879
529
352
73
204
693
76
203
400
4
228
337
947
516
175
494
989
731
486
291
8
197
628
275
338
727
925
656
783
42
349
399
306
303
870
65
187
575
775
652
445
121
245
346
35
558
780
825
202
991
864
574
852
114
99
244
878
980
378
516
599
180
203
320
903
730
841
3
678
142
676
197
754
803
786
99
525
543
23
144
970
776
835
170
961
197
468
687
401
235
134
703
713
467
225
512
750
851
516
662
637
329
456
820
669
319
672
41
831
144
997
883
99
827
497
543
626
20
759
206
198
882
106
615
489
562
732
315
19
1000
796
147
648
765
33
617
969
458
645
825
521
17
287
996
167
352
10
372
703
807
289
935
577
22
345
977
113
950
682
289
318
627
836
225
847
309
160
311
335
722
2
725
952
846
239
284
498
873
53
421
694
514
206
298
590
593
473
185
434
1
944
774
250
714
4
286
667
393
658
722
278
20
652
995
576
387
535
483
490
250
372
774
426
323
832
948
285
612
429
370
181
324
493
499
972
690
217
54
648
527
76
798
882
236
799
162
617
87
123
9
643
179
12
83
146
309
972
35
634
161
22
206
153
559
703
362
387
990
777
961
151
545
847
859
288
19
147
234
73
426
200
431
691
218
46
58
189
42
609
972
590
640
778
44
471
821
708
529
350
267
108
30
792
154
116
460
125
381
124
449
727
3
748
97
144
713
635
933
911
89
66
703
26
661
60
885
618
157
327
755
119
876
593
811
194
624
776
128
100
848
923
993
564
435
60
469
110
301
336
407
111
1
572
678
902
472
922
305
662
588
547
78
627
744
175
220
427
85
146
863
997
215
574
552
206
152
670
403
640
736
275
529
694
517
232
436
503
233
626
546
929
456
18
85
551
461
472
480
645
883
820
10
630
868
952
60
957
284
739
350
784
120
793
621
401
225
491
846
1
133
159
177
647
770
794
503
837
21
557
563
800
575
275
995
150
842
60
167
840
667
517
443
561
793
499
664
57
269
835
141
394
680
186
20
397
478
719
751
968
421
58
118
7
631
131
351
951
223
21
80
223
832
211
603
749
300
952
260
130
632
217
840
731
678
549
171
289
297
288
197
790
576
348
972
255
235
81
997
886
113
491
61
593
866
802
574
904
430
140
27
247
832
151
492
214
755
156
428
10
201
988
182
894
144
88
675
677
617
336
261
596
464
590
221
39
471
580
610
595
625
733
388
632
998
77
943
604
231
974
223
335
974
663
257
775
456
961
499
999
458
362
536
577
283
385
697
749
668
744
526
137
80
927
433
930
95
304
885
133
620
379
74
460
386
675
445
894
26
449
773
893
340
335
840
979
309
151
887
531
984
709
742
112
413
486
852
821
322
764
268
893
579
888
821
228
866
568
288
78
319
494
513
492
11
551
730
164
329
457
733
502
72
15
408
429
726
949
129
243
741
125
322
639
939
472
14
227
65
291
178
246
439
366
918
19
656
394
512
16
119
353
588
748
507
345
409
128
37
789
385
588
548
406
842
196
223
125
393
247
169
250
72
57
242
62
690
17
695
766
553
473
552
418
772
67
888
280
905
862
652
416
935
293
242
288
748
330
228
309
263
853
681
942
776
710
612
270
857
104
102
11
355
311
136
606
557
551
933
298
661
158
111
347
134
907
775
945
255
254
695
836
819
365
495
920
758
3
355
339
408
655
305
12
566
315
997
686
682
152
925
434
124
649
542
534
332
963
568
391
938
968
715
668
110
563
17
998
373
579
1000
531
271
572
613
489
504
335
146
251
64
40
497
52
487
273
136
863
271
244
774
543
891
198
161
521
760
244
240
601
172
526
993
347
108
801
395
28
205
949
813
676
415
129
680
450
163
679
769
433
393
160
747
49
72
278
726
286
294
664
458
953
56
4
284
472
391
323
416
135
978
649
990
724
923
397
672
872
751
725
30
400
728
763
106
933
481
755
920
11
864
682
354
68
173
747
697
769
236
317
802
312
820
502
693
680
687
813
323
218
74
218
359
854
933
516
425
620
216
341
732
644
82
395
664
875
488
999
599
867
292
878
18
218
485
503
467
365
335
616
958
654
570
373
464
690
416
207
627
21
596
430
716
644
608
40
878
621
811
473
512
28
630
56
2
216
256
81
692
813
836
233
756
386
619
304
496
857
419
307
801
651
659
594
525
104
585
640
21
990
954
511
504
125
602
24
721
995
49
377
243
311
75
788
422
4
694
715
934
102
131
47
611
388
690
37
358
789
455
514
608
144
133
216
702
198
837
349
921
608
925
453
286
716
470
794
987
61
69
578
403
540
220
79
819
337
15
350
786
192
532
879
189
92
355
778
949
951
626
714
83
283
516
189
759
166
47
204
301
8
815
48
152
175
41
356
309
4
688
778
348
8
101
146
187
137
540
389
167
407
148
385
961
691
191
291
223
720
785
898
446
29
394
245
262
825
453
899
696
230
764
264
776
475
605
682
753
850
945
363
707
10
266
622
549
170
53
531
280
861
986
534
330
534
82
878
738
789
139
336
415
494
473
545
743
376
505
116
179
380
229
779
217
324
100
776
273
669
879
934
931
575
18
620
357
68
715
885
863
637
563
127
348
585
839
401
458
393
579
33
682
806
11
564
286
990
36
123
940
307
914
828
234
100
131
835
272
552
144
270
145
323
149
406
561
864
62
1
924
313
953
1000
13
400
644
137
660
446
985
550
639
171
400
518
713
254
352
266
588
385
754
355
274
838
166
99
816
615
409
706
44
198
864
77
435
563
742
300
211
726
999
408
992
649
999
63
91
466
972
166
874
393
986
420
894
206
688
896
906
781
598
744
326
36
861
906
141
529
46
901
743
158
997
995
388
919
992
337
284
327
501
978
793
781
346
449
467
154
452
939
317
240
794
757
460
764
729
37
886
484
829
437
574
297
635
673
567
628
231
950
757
614
272
689
747
68
398
242
776
213
16
130
396
527
756
712
150
379
457
993
512
600
420
820
623
837
914
174
865
739
254
998
296
454
21
284
283
812
211
208
723
298
527
60
31
948
952
938
719
873
580
538
495
674
919
426
655
771
292
630
1000
257
195
84
518
6
15
103
56
358
96
987
777
24
5
951
376
465
21
319
282
263
556
704
563
603
364
37
510
891
398
10
645
113
930
701
192
506
188
690
748
926
482
413
99
129
472
501
747
291
171
878
641
167
538
436
30
545
9
539
457
899
396
620
168
486
292
845
628
698
189
487
563
745
666
553
726
850
979
696
995
445
601
16
1000
871
473
266
54
626
818
616
729
877
439
44
345
161
727
121
531
400
133
722
394
887
87
906
420
538
806
4
544
264
673
625
158
955
840
201
542
780
635
538
817
979
227
908
183
796
486
409
56
682
175
313
102
67
954
620
783
697
619
34
842
950
201
410
108
889
612
926
202
227
504
848
438
293
31
613
322
134
198
492
787
298
725
85
116
951
664
157
285
603
739
83
609
769
570
23
179
231
359
227
896
745
677
198
812
834
34
811
828
698
967
453
114
468
636
553
173
1000
394
712
843
288
11
339
836
108
841
163
91
901
374
26
500
326
780
524
765
753
768
157
141
946
260
36
317
747
999
75
510
888
77
703
16
476
781
222
633
302
722
716
117
642
939
120
483
604
680
176
303
385
775
75
633
836
71
701
998
543
761
792
710
428
752
214
563
711
373
198
626
36
654
839
804
761
904
487
439
973
724
314
749
3
458
248
775
603
260
465
186
388
156
136
891
951
953
753
194
848
640
333
341
22
286
819
712
587
857
521
880
526
178
680
310
232
285
129
337
264
26
854
792
847
466
323
732
683
739
169
225
489
273
896
499
211
462
305
274
241
200
869
606
468
555
682
514
547
244
931
732
993
901
233
734
500
460
779
192
767
959
152
5
650
174
23
236
714
890
646
56
691
202
730
801
227
212
210
66
791
993
756
704
838
549
351
181
795
12
357
225
778
119
216
839
115
571
701
481
340
273
199
863
562
26
465
265
78
497
880
901
828
133
683
527
847
599
315
403
9
618
774
291
795
15
998
314
451
959
179
777
565
565
906
31
839
676
962
92
497
765
515
171
354
169
56
661
487
807
163
853
500
909
286
927
840
706
439
100
546
507
251
910
958
19
78
124
29
336
693
211
16
415
371
111
269
891
843
853
996
345
556
896
584
468
329
563
227
376
319
888
390
974
934
716
941
213
664
571
580
178
636
527
146
777
254
548
285
520
789
476
271
191
925
720
808
83
377
221
837
1
286
834
518
429
752
387
538
812
452
578
299
736
769
481
550
21
295
416
637
438
830
890
105
106
499
73
979
6
224
765
140
932
711
336
988
150
565
349
215
488
88
347
445
963
478
448
999
514
41
366
460
618
541
92
786
770
338
196
621
851
754
25
720
553
578
263
478
760
510
242
888
470
266
839
1
688
292
88
548
745
305
484
48
888
582
243
919
21
960
291
945
824
563
70
992
383
21
89
162
279
466
999
362
183
267
685
601
987
1
851
643
608
461
426
600
191
100
129
272
813
327
669
934
171
414
808
961
699
78
643
239
906
325
49
386
827
918
460
550
700
650
870
731
367
635
250
25
435
219
193
645
303
808
944
822
615
608
441
602
143
360
332
577
53
619
82
171
467
681
825
721
640
690
562
66
258
271
21
357
406
50
32
727
837
924
390
26
165
5
566
168
768
223
740
919
519
333
316
826
580
447
147
762
438
909
940
565
571
509
929
14
745
81
393
652
23
686
861
889
642
214
258
793
685
653
17
759
453
372
782
891
412
324
62
610
212
290
429
467
49
783
996
299
879
55
859
623
184
183
399
863
100
27
541
365
264
814
368
806
535
783
220
813
705
270
160
69
397
482
878
416
262
66
942
305
633
541
450
579
74
710
914
87
509
131
8
10
25
204
327
380
424
295
743
794
108
819
437
619
930
907
312
4
247
560
535
571
284
408
317
419
518
178
425
787
746
355
607
97
24
628
569
151
431
821
244
486
613
55
662
692
782
421
700
6
899
691
377
302
723
885
976
77
759
222
540
8
22
599
389
181
440
64
376
86
211
21
282
91
746
15
523
8
481
478
682
97
378
190
802
796
892
239
531
519
150
172
154
306
398
78
238
397
112
266
186
420
569
6
921
2
439
938
937
891
259
165
503
377
335
689
474
427
38
145
834
233
325
796
547
115
641
7
163
55
418
214
286
779
951
154
652
195
978
820
354
443
994
450
167
986
571
268
488
213
228
901
992
436
329
772
752
51
38
62
856
763
850
995
15
971
891
773
704
930
730
660
271
311
867
339
542
161
101
831
236
666
296
511
203
609
812
598
154
757
54
781
263
506
388
374
228
396
543
922
960
782
10
667
504
930
221
923
947
910
523
933
112
955
780
182
76
648
655
200
823
51
389
456
986
605
631
828
561
218
812
428
138
827
141
781
275
635
637
8
265
324
3
433
736
184
489
158
40
18
327
810
976
413
369
489
626
688
897
614
331
532
780
108
366
215
814
556
129
287
621
341
847
906
240
354
541
44
802
753
94
101
932
528
709
523
970
307
697
714
454
827
286
434
54
452
849
360
182
605
150
247
833
248
222
112
892
815
755
491
475
1
108
497
938
959
130
954
626
52
484
114
721
454
468
49
470
7
10
959
658
747
817
40
671
646
945
385
209
486
173
364
493
807
444
891
418
563
413
560
717
767
353
444
770
442
316
454
655
10
795
84
473
563
818
790
529
465
590
308
316
93
163
728
943
310
169
257
554
382
702
829
877
18
954
374
961
698
985
612
269
473
342
237
518
797
246
412
32
750
923
997
586
660
115
831
205
478
11
433
163
904
28
274
816
722
935
88
770
778
417
75
39
683
801
415
301
731
90
852
797
897
820
826
48
499
33
939
979
9
69
475
600
621
525
408
514
354
389
704
770
458
818
558
713
973
743
50
594
482
679
975
247
280
95
561
698
138
461
614
834
699
3
406
385
768
23
443
21
80
487
174
504
65
93
130
462
867
665
229
495
640
145
130
490
430
170
684
157
106
455
520
245
626
677
705
570
714
305
228
560
761
376
481
313
945
150
728
528
369
540
335
841
693
370
455
739
161
570
798
321
415
248
462
177
751
127
706
437
206
611
322
717
308
273
339
160
272
531
264
581
241
884
135
436
180
775
315
147
288
775
353
946
223
616
606
88
823
943
503
396
341
173
389
19
7
207
315
858
806
934
693
164
761
481
967
490
830
486
387
567
602
998
110
918
143
650
171
901
475
905
966
220
412
766
773
896
503
47
818
807
848
991
608
464
394
237
388
348
156
519
139
815
815
578
542
779
828
597
201
539
370
491
324
748
264
524
784
591
337
785
712
754
271
457
739
129
647
872
906
255
548
237
192
287
929
549
659
524
974
98
358
481
715
164
191
789
489
155
307
332
185
653
667
197
929
129
353
222
917
123
76
532
638
935
194
201
627
725
428
378
462
132
768
249
655
382
398
277
988
594
918
51
319
255
450
960
241
725
714
398
17
283
506
12
80
944
308
167
980
376
134
132
521
671
775
289
559
379
980
513
26
863
114
591
20
591
312
738
551
552
228
798
856
973
17
684
638
175
112
865
661
907
478
968
481
100
698
623
244
439
494
646
966
656
42
121
60
664
651
88
421
645
644
524
486
796
78
554
285
574
374
551
205
861
804
765
377
71
886
993
830
106
286
947
545
797
820
606
935
376
275
247
762
232
977
186
586
329
3
905
96
211
783
328
521
686
944
83
194
886
220
374
906
121
451
17
821
9
277
942
569
537
977
725
99
23
190
819
360
795
196
13
126
554
821
801
511
145
252
734
247
292
105
837
636
922
720
333
551
907
987
549
744
283
276
813
193
858
897
14
396
766
606
969
353
292
549
787
887
433
162
358
66
122
230
266
399
49
822
54
489
97
358
66
250
666
350
530
271
594
61
133
115
700
646
242
302
263
652
576
501
116
166
224
491
11
901
639
287
563
761
611
202
583
532
455
895
228
317
609
689
773
128
488
597
142
703
404
214
599
875
976
389
191
495
893
453
710
6
1
688
446
15
780
413
144
769
302
552
816
405
931
771
191
13
587
762
193
424
984
501
942
900
328
511
53
800
995
110
733
764
391
840
872
191
902
435
2
134
332
10
29
834
193
52
819
221
377
223
830
979
764
222
532
3
911
123
414
614
327
743
331
62
51
72
316
146
174
703
319
68
155
548
276
680
636
206
8
678
5
33
833
499
128
950
219
854
925
187
933
534
919
862
159
788
65
13
493
196
36
25
483
708
150
910
800
445
791
754
284
465
745
693
12
309
998
20
344
188
49
579
750
778
758
732
487
843
297
664
703
921
518
695
661
659
844
132
907
40
40
936
607
923
672
249
400
94
880
959
822
658
420
598
396
6
8
624
841
935
82
239
128
837
224
856
220
38
364
511
994
715
332
106
83
251
151
957
16
586
81
509
181
785
681
689
189
449
644
920
828
730
373
960
780
918
744
70
822
221
552
579
70
889
875
164
35
521
779
621
465
793
977
234
974
382
484
760
163
143
66
741
175
463
528
747
618
282
884
499
852
643
672
897
402
77
564
701
866
12
716
411
542
20
494
116
463
734
492
449
279
884
499
404
7
356
690
754
115
431
437
460
382
547
920
124
584
305
590
927
394
380
802
23
429
588
873
814
784
583
542
652
830
526
331
541
150
114
49
13
618
119
910
521
259
851
940
859
98
429
584
884
864
389
366
956
577
138
843
351
145
216
931
816
753
255
730
650
935
395
303
110
53
864
462
21
461
19
259
347
493
304
752
836
587
476
898
834
978
346
463
221
719
973
844
414
577
811
612
546
432
400
351
357
129
711
418
702
271
957
760
26
511
119
215
625
366
611
140
641
440
978
717
342
800
298
171
76
136
906
369
207
457
584
175
115
263
444
452
154
934
173
114
141
174
818
255
11
899
386
900
248
307
519
384
716
989
469
808
654
219
493
987
380
740
104
952
229
449
551
473
956
753
431
408
592
975
346
208
0
759
95
786
276
286
258
673
607
333
357
889
252
80
827
575
283
115
211
20
791
152
798
230
372
712
505
19
452
965
364
546
810
266
865
431
166
820
105
119
310
496
299
136
242
373
371
418
783
855
511
194
519
689
959
505
619
337
502
229
349
892
394
461
102
187
777
182
147
21
139
0
800
4
467
203
822
583
387
676
710
652
363
214
393
363
304
167
462
231
962
693
551
193
933
563
72
450
424
630
876
45
97
39
87
653
59
171
433
446
848
108
158
485
277
7
690
422
442
339
281
551
802
890
989
571
345
985
746
737
618
266
39
209
888
796
516
656
243
706
834
878
456
984
233
749
831
58
554
332
231
818
576
895
290
910
46
353
930
626
144
419
3
317
278
779
946
424
571
180
420
313
692
986
592
333
54
554
550
117
203
419
362
150
444
325
711
359
66
708
667
884
9
573
259
542
217
28
141
413
458
365
331
924
830
539
682
560
7
704
718
339
54
64
962
96
924
905
691
201
404
578
10
817
106
720
411
969
288
365
198
845
663
371
287
206
633
470
234
741
786
317
314
5
39
164
172
637
22
384
177
239
816
991
801
740
90
9
228
936
761
356
103
672
361
592
593
142
998
324
863
328
758
185
558
201
44
293
774
963
674
407
140
267
110
330
857
983
984
218
857
67
450
970
648
729
229
774
779
292
198
804
431
859
778
559
90
574
377
141
940
230
789
843
799
153
181
873
994
203
522
670
485
181
255
395
109
630
365
943
715
120
170
783
974
314
304
844
735
758
982
650
369
305
998
556
862
604
556
997
173
975
615
496
134
365
14
20
223
198
702
72
917
217
492
332
534
450
776
56
569
260
292
331
549
440
736
464
815
124
944
680
850
503
965
670
568
621
680
947
29
663
520
695
35
977
784
226
693
999
196
656
442
721
771
640
233
808
865
831
737
303
262
169
70
331
1000
773
843
145
315
879
173
300
470
87
244
787
287
770
719
880
516
717
442
994
403
132
946
895
54
454
139
126
379
457
966
385
569
787
151
685
852
949
269
847
263
532
405
761
511
656
445
397
1
448
58
868
266
683
78
292
829
865
348
648
354
195
308
931
858
887
183
780
876
953
145
550
809
979
610
656
444
501
305
254
717
172
197
777
317
895
304
511
823
640
797
485
941
800
117
155
17
539
205
289
878
182
467
9
284
278
347
480
995
16
758
686
858
890
235
678
683
690
333
549
339
159
37
598
921
163
210
34
910
158
840
34
788
865
931
595
138
322
107
988
849
959
466
360
42
115
832
950
821
408
875
843
338
439
482
856
606
749
415
725
973
459
488
129
191
975
298
825
457
830
718
546
288
592
445
647
123
700
107
171
563
902
932
585
126
860
189
168
204
565
662
108
0
608
328
837
441
501
573
606
935
238
266
44
903
66
604
472
16
375
578
323
296
196
729
447
550
915
969
165
790
37
149
643
653
611
22
692
101
730
214
423
502
116
803
297
887
327
587
903
657
382
76
367
468
120
680
781
571
9
306
218
377
79
859
597
941
907
964
850
114
92
952
815
277
391
50
727
627
246
22
127
260
407
690
613
480
927
453
827
803
56
483
267
318
487
262
454
188
582
628
390
613
142
970
179
794
846
79
840
338
723
767
631
46
711
395
191
816
285
168
974
862
755
217
475
553
101
222
122
543
106
696
618
159
5
844
7
978
780
232
105
296
977
160
796
664
352
992
892
817
869
62
926
247
835
246
645
243
22
940
880
978
639
135
604
526
812
375
224
393
918
20
717
590
230
457
963
446
566
767
284
50
966
198
703
840
714
966
674
318
363
491
289
588
628
450
709
727
400
51
442
931
159
740
535
400
57
171
940
639
22
688
502
675
927
162
587
474
203
669
968
545
164
881
376
603
218
464
692
132
189
134
791
940
409
532
523
515
722
821
641
676
751
21
239
245
680
147
754
1000
726
7
279
145
663
864
43
571
617
795
272
544
927
179
872
104
956
257
531
497
221
796
301
375
733
183
684
346
137
137
22
325
4
794
945
12
537
2
975
359
114
700
604
198
187
508
828
229
563
459
565
360
511
374
551
603
323
170
749
330
829
883
8
928
212
61
269
354
721
834
712
72
431
756
718
6
740
894
980
26
897
845
816
506
297
382
869
437
167
13
720
629
9
932
477
848
560
758
41
251
300
68
292
757
35
182
357
140
8
158
54
800
728
52
217
26
633
631
790
928
668
235
461
905
426
854