65
921
804
850
850
639
347
597
127
988
174
40
709
21
524
936
819
264
816
658
784
95
878
920
555
48
696
344
140
595
312
104
219
274
445
691
379
703
635
617
95
920
211
143
109
597
891
186
263
589
628
51
794
526
618
529
504
32
823
298
443
992
780
734
95
921
443
973
500
807
311
380
829
822
179
226
753
25
358
175
242
723
143
768
671
160
787
926
774
937
289
961
665
771
588
116
75
83
316
639
73
578
90
529
809
226
115
177
249
11
320
225
519
624
20
837
199
619
118
327
219
304
993
214
533
462
581
490
200
537
444
910
639
851
946
999
462
886
339
424
275
279
518
479
81
999
885
730
37
362
597
942
751
186
591
734
48
7
441
156
328
786
942
594
197
835
821
225
226
329
518
736
620
685
620
388
762
874
582
369
303
679
646
846
772
291
868
751
99
592
503
826
987
833
864
316
623
597
56
817
324
248
208
82
362
96
404
830
551
657
595
249
652
459
6
365
599
558
74
375
148
204
419
535
127
596
176
224
587
717
388
39
64
986
349
186
16
783
676
910
553
635
867
557
780
746
131
636
122
606
884
308
431
712
500
267
274
712
788
517
223
577
561
162
324
211
520
714
565
863
135
798
222
734
627
292
857
75
756
408
938
729
464
789
770
955
763
594
846
614
738
117
307
131
470
615
822
2
999
786
360
657
831
785
197
137
561
755
495
29
957
224
282
295
401
34
178
617
428
972
840
282
606
868
673
207
682
179
644
0
699
205
617
629
111
321
11
507
965
773
81
424
660
35
654
94
988
536
494
298
214
81
382
370
970
982
852
426
551
65
949
732
730
291
364
708
793
26
69
154
991
509
955
215
914
219
972
512
404
518
625
117
227
769
596
353
43
127
714
453
606
790
344
82
491
711
177
756
593
425
481
494
306
608
362
185
83
328
671
977
527
994
108
829
895
679
943
646
262
280
813
760
591
65
432
24
550
628
138
708
24
464
312
46
773
626
794
485
931
816
627
894
170
552
983
820
603
940
597
733
578
149
85
752
167
697
3
995
41
270
71
676
813
744
12
4
729
889
551
630
135
908
577
772
191
133
108
373
685
196
770
774
370
190
304
272
36
788
254
464
585
858
560
451
731
341
346
898
773
78
939
723
714
885
127
197
230
6
51
540
981
391
138
544
207
790
723
243
254
477
79
238
755
886
0
769
767
806
753
995
527
973
458
37
889
261
46
734
878
204
497
28
381
818
332
492
426
220
180
710
861
286
489
654
680
458
415
894
7
187
519
450
894
967
80
33
57
959
89
21
3
238
68
540
594
862
508
874
911
153
694
880
109
196
867
34
595
245
180
135
8
776
384
908
595
418
69
410
341
810
590
150
679
771
337
390
903
162
592
506
440
336
900
226
558
562
594
515
805
689
997
99
132
769
672
183
549
862
523
147
368
719
728
27
84
888
684
248
757
192
473
86
253
248
488
662
306
193
900
458
585
687
48
869
174
888
732
689
752
928
52
334
774
480
105
993
618
760
762
395
738
146
366
570
875
991
438
410
185
339
791
752
397
354
299
674
996
765
749
875
928
12
446
738
671
216
619
949
622
585
545
159
837
501
785
57
948
19
810
257
299
429
97
996
619
403
154
302
216
283
371
908
974
243
346
737
589
828
842
255
312
199
764
959
247
883
575
610
217
639
25
595
348
681
916
580
958
298
795
282
422
173
660
267
852
879
151
363
599
998
842
880
295
760
645
123
203
773
919
288
627
509
189
92
887
616
981
460
667
826
222
60
904
353
853
387
252
499
911
168
557
996
898
533
336
316
557
405
989
307
43
322
844
141
806
870
404
294
100
723
707
649
515
329
869
781
244
362
890
677
667
410
69
468
227
586
362
92
360
963
207
968
821
15
733
537
45
532
46
563
96
511
899
338
907
242
768
436
497
427
880
49
672
609
710
148
555
345
593
61
589
98
779
114
47
259
372
248
763
545
348
437
254
292
246
953
999
94
730
123
665
251
532
379
381
249
233
292
689
430
755
999
636
710
794
929
416
383
132
210
232
823
680
153
462
527
155
34
878
68
225
415
611
984
638
310
433
259
761
512
811
642
537
171
334
1
908
381
217
107
90
175
789
708
248
128
179
867
287
900
307
104
144
545
277
479
217
254
568
428
815
816
539
96
292
132
500
454
286
742
368
171
397
233
408
265
468
717
482
429
533
954
627
773
445
255
503
497
961
31
783
185
220
968
459
955
253
165
403
392
786
105
583
968
114
826
649
385
10
358
125
61
627
971
814
708
390
613
589
990
504
566
566
974
818
176
824
760
995
895
972
431
741
162
987
728
570
872
668
163
624
143
345
603
98
227
327
858
637
163
97
691
702
324
588
705
169
809
528
612
380
438
793
814
799
546
667
58
523
398
404
480
313
78
955
666
977
16
87
888
514
290
289
366
516
904
612
452
129
864
276
854
466
597
518
682
130
790
899
970
15
874
451
604
671
907
393
371
79
848
219
205
320
381
193
180
28
156
379
182
833
481
119
639
884
707
336
527
127
465
230
505
678
376
859
982
608
668
578
738
300
217
746
751
625
450
39
533
565
384
403
343
431
250
330
30
313
826
640
799
412
426
353
816
390
878
615
43
1
720
644
449
369
436
645
902
996
561
322
177
416
960
964
251
726
199
553
293
674
973
411
507
27
180
671
266
634
50
17
39
229
648
828
497
759
544
587
624
107
845
305
820
316
2
387
299
163
895
197
801
221
590
386
174
341
835
380
614
128
238
104
231
467
802
756
433
516
701
101
41
797
28
36
698
552
113
469
977
830
707
206
331
695
456
706
620
916
867
167
83
458
559
435
109
966
589
8
330
148
534
305
195
138
954
293
221
917
995
101
389
518
970
460
495
467
334
306
739
589
706
677
754
321
566
868
976
513
427
837
451
745
416
274
553
556
374
59
275
673
180
564
257
761
574
577
440
866
671
102
758
653
175
481
22
228
792
416
655
848
33
19
272
639
627
86
327
189
507
344
338
216
375
343
104
995
619
252
274
852
84
849
746
202
611
256
847
225
919
343
384
437
958
751
659
167
991
873
592
398
51
77
499
758
69
262
647
119
68
547
615
89
766
861
585
195
7
72
384
337
505
507
533
217
13
782
26
993
296
744
790
568
571
998
398
681
144
331
272
240
24
72
159
491
421
15
378
676
56
303
201
109
872
74
85
970
583
724
923
159
806
565
171
206
711
180
401
312
642
114
280
244
264
102
106
840
624
57
60
790
941
329
21
379
540
999
851
470
852
940
529
921
51
762
43
406
144
901
501
742
146
834
725
46
160
554
388
463
604
622
668
885
596
915
177
501
207
660
284
63
239
842
88
95
204
460
869
648
528
14
731
828
585
59
763
481
712
138
172
433
469
301
519
642
594
456
115
322
220
378
836
736
857
561
807
822
966
206
291
519
412
237
660
451
320
208
451
711
322
614
856
298
284
28
47
915
608
512
325
913
287
595
48
684
459
242
466
981
786
524
719
858
717
879
928
65
620
218
391
76
98
275
565
607
114
897
426
249
962
395
700
959
492
312
10
955
17
845
856
988
318
870
5
33
856
758
643
978
715
559
884
772
219
871
672
953
356
910
370
407
199
685
404
816
971
679
266
178
257
630
369
320
184
437
183
776
708
844
721
105
630
504
251
332
491
876
345
931
767
34
767
898
259
782
142
769
820
279
817
828
775
107
649
599
205
898
389
570
428
421
787
676
676
103
508
448
697
478
622
91
170
728
500
478
171
787
570
16
814
326
761
427
70
560
39
208
701
298
260
376
972
489
792
616
241
328
640
972
602
107
649
606
774
352
59
413
882
375
877
355
18
546
156
705
354
677
456
527
383
209
687
90
409
940
313
776
409
681
303
914
456
614
783
950
488
533
15
897
94
796
387
287
362
850
527
990
570
164
404
973
955
60
397
662
372
32
405
68
994
613
4
406
682
956
26
999
317
310
202
224
641
289
39
703
432
569
931
4
359
935
628
477
217
845
672
369
674
961
830
289
470
601
770
54
202
305
542
33
938
972
138
29
190
229
884
625
511
265
95
418
834
921
834
132
506
865
171
722
54
319
706
685
696
826
682
60
591
207
433
887
152
163
206
515
509
897
667
397
341
804
855
368
232
322
849
706
450
489
46
122
712
641
820
240
818
321
923
569
363
556
989
847
850
131
453
572
192
610
903
503
107
707
141
683
954
637
107
886
181
160
47
548
945
809
757
465
174
975
427
874
55
490
35
24
624
934
88
6
811
58
454
497
82
411
226
467
738
46
446
913
656
55
340
932
452
330
248
170
919
813
404
640
536
92
297
705
596
192
72
212
407
888
71
163
879
794
292
506
424
19
240
874
128
10
813
690
48
623
760
408
902
259
86
196
524
212
19
135
265
83
121
411
207
925
426
89
528
518
604
475
98
437
805
946
923
0
287
400
776
269
826
123
26
479
396
919
110
953
931
9
994
94
361
802
76
101
216
513
79
168
53
187
751
592
359
395
921
650
600
719
214
540
261
616
317
719
341
761
787
131
799
233
661
924
892
818
510
256
675
118
498
360
869
983
290
53
529
380
617
983
280
141
469
637
396
212
925
137
354
817
965
168
244
780
762
205
701
833
511
551
684
338
744
943
501
825
192
720
809
782
612
702
456
459
504
558
2
713
839
248
450
972
163
314
791
85
976
838
692
60
178
304
757
411
139
809
627
655
935
295
667
461
745
698
477
857
249
915
973
400
641
558
484
635
698
388
948
470
839
37
465
887
324
861
241
405
650
440
846
961
168
560
330
760
901
653
901
347
449
208
192
121
746
548
410
889
697
687
392
308
925
930
773
261
570
769
936
714
752
446
797
873
707
799
298
617
697
208
687
821
124
191
841
904
463
263
97
608
480
520
905
794
819
489
335
259
200
133
416
484
675
720
937
386
684
777
327
802
650
160
178
125
136
48
274
750
517
628
577
645
550
21
827
561
14
371
593
173
71
500
347
393
82
106
390
434
975
968
174
751
522
543
696
121
151
932
120
19
453
760
583
127
504
223
1
142
881
285
349
936
389
134
602
652
270
620
67
70
13
216
227
674
785
745
675
641
299
887
991
574
955
696
567
228
562
242
549
823
705
433
959
739
459
525
835
195
746
911
951
983
774
337
742
368
421
842
401
51
630
958
780
283
515
226
148
553
797
192
989
894
388
390
888
220
322
486
976
148
148
408
78
505
387
318
467
864
938
704
776
910
326
582
252
145
649
240
77
197
829
865
117
757
688
279
837
269
971
695
54
394
358
152
529
372
918
656
814
862
332
606
275
485
803
743
132
410
290
24
306
127
392
845
884
96
869
888
266
107
988
671
398
715
417
673
160
745
291
643
678
50
508
867
215
923
245
153
713
773
495
827
29
143
61
308
613
908
977
32
752
588
463
601
676
717
129
543
828
991
362
969
221
169
336
502
691
645
707
824
403
133
456
137
192
631
415
770
953
835
223
358
223
328
421
112
175
769
821
2
160
265
212
413
775
654
66
217
892
848
121
182
190
266
480
819
696
286
707
469
915
299
315
157
862
900
477
170
308
387
98
227
450
812
729
549
386
553
556
266
787
136
664
811
162
432
950
439
521
140
600
942
682
808
410
129
625
971
471
78
861
642
110
485
122
975
981
519
987
377
512
679
941
96
609
824
658
692
348
284
142
400
871
916
53
902
251
349
962
27
669
405
329
696
134
615
150
848
306
32
302
516
806
698
223
657
545
553
735
933
970
277
772
564
470
756
941
579
578
441
952
596
97
223
353
439
636
636
52
99
259
193
212
322
958
522
10
242
994
353
940
695
534
537
137
474
76
586
149
830
150
90
383
145
464
452
1
167
183
893
440
507
127
309
125
291
22
843
120
933
885
184
407
97
30
135
519
68
560
616
538
527
320
439
449
816
731
85
419
558
304
862
237
410
5
821
826
933
828
200
101
66
2
503
559
134
949
619
720
27
394
245
402
948
323
981
196
298
647
526
551
42
489
734
954
407
907
666
662
55
282
129
360
895
769
281
378
692
540
871
395
652
297
586
145
715
99
143
422
30
316
949
404
629
628
476
260
12
324
534
517
553
490
631
764
89
783
710
920
861
432
3
50
857
294
56
45
945
916
275
323
774
965
687
461
37
913
809
534
966
2
153
400
220
955
226
399
713
457
801
687
427
969
607
732
6
979
549
121
283
529
382
440
34
796
7
474
680
638
494
787
620
620
11
801
63
834
552
10
686
280
697
909
966
135
538
494
338
30
231
189
216
390
600
921
919
179
496
101
753
358
579
681
597
639
174
656
151
955
182
711
92
286
252
141
22
668
733
343
56
821
754
113
197
966
397
269
457
503
910
557
242
660
920
77
509
868
630
75
587
964
962
345
630
543
880
417
998
883
31
41
887
42
369
497
786
194
657
737
423
128
228
233
811
794
240
101
417
394
417
170
335
441
200
689
730
851
195
479
106
391
44
54
774
945
125
539
899
621
229
559
498
2
402
129
672
816
465
233
597
458
405
103
225
744
722
112
437
896
841
125
477
42
967
536
639
513
130
249
139
517
97
593
17
742
298
744
839
601
767
588
996
236
204
378
474
593
394
235
350
489
832
930
309
926
170
931
861
31
115
699
241
480
668
616
136
64
708
883
666
103
330
350
970
644
767
975
559
536
734
732
438
124
934
469
861
478
564
968
334
526
167
365
748
244
463
685
540
643
965
26
522
804
789
209
281
301
433
21
44
647
641
957
54
541
264
919
800
444
749
50
366
983
684
102
858
706
530
516
413
664
964
191
105
581
179
8
773
443
796
393
155
678
970
440
364
13
466
278
249
394
302
38
263
82
384
529
859
654
524
435
921
944
322
570
282
915
431
540
735
423
368
630
290
293
531
866
742
590
381
362
26
143
785
868
340
145
26
758
62
877
679
285
653
415
729
893
289
822
45
917
625
762
258
383
304
133
963
60
192
455
584
737
169
371
639
893
143
307
298
71
559
357
322
754
97
378
514
539
442
572
808
166
360
776
154
558
138
329
858
417
525
591
246
301
7
594
496
165
420
946
551
923
128
664
716
180
374
764
227
485
702
34
17
997
135
116
176
598
479
639
373
422
351
149
8
43
241
383
305
495
110
120
852
689
775
391
550
7
480
653
225
205
94
593
648
829
53
45
197
293
753
979
490
541
40
98
799
694
264
825
298
769
608
323
50
901
484
423
893
485
94
69
263
131
51
65
415
88
69
337
921
161
142
971
665
10
765
635
397
456
614
603
617
47
727
532
619
581
418
955
896
748
392
747
443
366
457
84
154
10
572
505
164
434
374
531
851
776
51
975
67
696
158
815
136
87
311
84
612
427
925
992
522
785
415
789
86
331
206
849
628
148
48
887
746
439
177
913
400
30
27
300
889
943
126
924
249
329
746
89
977
438
912
562
940
104
412
660
532
102
288
535
282
785
366
819
950
204
185
226
980
350
54
358
508
18
962
5
413
281
473
227
477
115
965
869
414
548
473
601
957
308
349
581
350
866
291
266
206
811
149
653
124
902
963
426
381
872
277
128
87
460
201
431
658
934
661
806
779
977
196
60
83
216
149
530
575
501
785
591
412
371
506
499
403
695
801
199
253
180
974
106
366
965
733
662
986
861
700
852
432
105
784
909
300
998
802
772
35
654
138
573
428
627
931
816
710
644
836
528
1
539
891
245
321
748
796
705
1
271
562
219
486
350
900
95
923
585
747
588
138
874
314
306
388
175
564
784
792
158
877
638
911
844
24
821
808
58
731
602
33
668
874
998
598
529
953
60
821
369
819
989
299
190
770
111
818
603
895
459
224
302
964
68
980
878
840
0
632
527
70
347
532
824
709
817
784
828
155
810
143
104
868
609
256
59
587
978
247
589
156
752
380
374
677
577
47
196
557
960
851
397
268
205
942
364
5
42
823
113
432
197
931
686
109
532
135
929
823
254
539
16
742
255
52
535
431
275
345
118
732
91
623
137
660
854
766
637
658
62
858
161
384
217
708
625
503
903
26
369
811
771
69
932
727
830
346
966
7
63
309
896
253
439
375
687
476
121
543
279
789
911
758
73
744
242
906
984
883
243
95
77
547
136
85
200
651
680
363
914
614
582
956
136
488
848
65
796
223
995
656
588
943
280
897
122
433
753
722
786
529
316
172
770
561
547
233
916
664
169
79
902
602
223
247
156
929
746
645
73
186
970
441
770
897
212
793
780
571
348
729
714
845
10
608
398
507
42
280
979
428
299
764
800
478
407
459
87
999
626
853
977
351
945
778
587
626
365
774
432
846
209
745
535
17
495
960
66
924
322
121
750
757
253
943
800
510
876
877
788
802
136
827
972
284
415
440
585
298
846
282
446
174
26
330
252
49
884
79
597
678
49
219
211
408
192
207
170
706
184
635
23
608
399
981
404
408
930
907
647
767
866
131
41
431
40
888
205
52
322
22
160
519
242
462
653
30
504
796
314
601
164
346
484
352
707
716
554
987
837
868
78
646
419
448
136
201
180
381
121
140
541
813
426
143
565
735
559
706
195
345
834
580
3
69
933
982
639
765
39
989
999
777
729
685
507
445
596
454
947
334
265
820
362
683
145
641
352
736
362
154
685
542
777
759
185
703
368
557
187
876
470
721
121
952
17
518
486
59
823
476
897
66
630
950
332
730
827
97
169
287
613
748
546
963
860
279
774
445
382
271
658
861
679
499
328
344
78
239
855
282
129
607
2
488
796
937
349
835
702
310
401
448
838
94
569
738
277
465
235
349
415
332
146
728
20
85
502
739
120
393
300
939
674
886
821
879
607
487
963
231
281
547
85
299
738
853
474
565
377
33
661
858
149
212
167
97
516
238
959
452
257
366
123
796
305
340
250
803
741
894
912
184
619
538
554
578
958
787
261
597
853
613
557
553
323
36
814
394
239
911
99
606
573
504
406
958
690
389
128
34
363
208
202
667
922
902
477
112
750
378
581
616
521
492
957
521
544
365
528
337
760
811
433
343
882
7
212
540
364
95
18
788
25
12
949
971
479
72
44
840
710
223
107
323
891
796
739
165
844
115
683
115
457
755
179
44
383
765
751
900
47
649
780
498
785
590
571
178
447
58
376
565
166
732
349
547
71
372
765
996
610
594
873
923
541
317
932
577
423
85
357
616
284
24
351
561
661
356
146
891
502
732
9
140
601
672
476
613
462
618
738
564
912
231
287
534
319
913
146
746
181
975
640
211
959
546
693
490
856
36
325
853
40
282
217
304
266
103
235
474
437
958
136
686
684
966
894
629
217
963
365
900
152
257
334
587
923
625
616
650
153
693
273
343
604
26
614
491
528
770
674
538
275
832
282
272
876
473
371
889
321
988
503
701
882
675
531
591
802
285
831
909
993
387
582
329
456
357
736
65
964
138
312
587
953
112
603
871
716
476
795
789
153
735
95
412
409
658
432
631
734
920
877
10
155
76
120
972
648
892
592
576
740
530
974
220
285
464
634
383
340
752
510
272
409
295
341
989
259
377
459
461
40
870
732
153
899
599
429
630
569
845
153
733
152
216
682
328
489
927
67
988
252
411
987
406
252
650
653
29
43
44
72
466
538
115
163
359
23
331
763
861
135
229
355
129
444
377
32
655
594
67
888
184
925
267
395
372
727
37
480
104
833
33
231
765
396
918
376
287
513
503
863
102
205
923
280
135
444
90
326
140
612
908
336
84
297
352
483
198
469
477
961
674
246
891
27
345
596
962
194
502
774
947
264
74
412
941
736
328
293
658
76
270
503
28
245
34
71
136
71
614
928
505
978
566
510
759
264
93
844
717
975
402
573
549
418
644
627
524
870
132
415
85
981
334
6
660
434
263
834
144
718
879
493
150
267
271
539
276
90
175
488
78
34
433
566
53
304
842
842
266
311
495
121
415
480
801
927
405
463
928
22
666
388
616
811
288
253
771
372
417
833
291
738
757
300
101
758
496
954
474
225
12
378
644
665
645
176
499
113
749
436
269
153
921
728
653
904
205
565
482
568
20
855
173
725
892
225
168
22
996
4
952
734
701
534
419
889
344
5
724
18
195
141
133
604
158
451
333
972
287
700
868
587
148
110
743
312
350
93
800
83
225
960
119
262
970
936
762
115
320
39
715
714
969
49
113
339
82
680
472
822
245
238
163
447
954
437
365
587
85
985
663
960
32
670
153
714
302
531
254
383
762
433
974
304
709
80
278
864
35
23
261
154
649
569
781
133
318
938
225
636
44
665
640
788
121
486
584
601
328
933
460
391
405
775
345
41
621
421
552
999
156
809
748
836
762
273
321
384
650
123
762
315
262
394
181
498
880
980
15
156
284
130
268
557
642
710
642
815
736
953
619
701
532
387
629
708
752
593
228
552
93
55
82
445
61
165
208
772
65
888
262
435
833
30
821
91
213
101
494
392
610
70
980
107
824
948
116
738
577
394
92
725
413
723
172
464
310
129
804
464
130
901
29
816
257
735
981
783
48
804
691
397
965
121
205
719
714
558
974
277
165
681
117
625
953
36
842
665
5
928
716
187
304
684
499
973
86
648
682
682
629
206
555
817
471
57
195
403
920
365
91
141
103
479
985
751
337
630
282
750
599
369
553
938
383
452
958
408
850
143
486
234
496
585
411
218
107
153
91
81
758
646
538
525
890
4
235
319
577
49
527
747
83
201
116
540
676
194
739
141
617
327
138
938
648
45
533
523
707
804
975
103
32
233
67
590
150
738
914
764
190
684
580
800
567
914
503
121
478
18
575
42
688
553
811
400
283
595
144
577
984
118
967
520
234
393
661
799
354
28
507
991
716
133
699
831
126
301
58
230
113
38
978
294
643
649
187
877
199
508
244
7
228
443
152
475
630
511
379
436
55
125
999
555
266
941
335
263
11
484
889
956
963
198
21
228
579
593
577
409
860
440
18
873
915
292
56
231
137
784
764
815
295
877
838
868
245
905
689
255
345
920
309
62
297
893
997
547
86
903
444
29
624
6
167
582
890
965
906
937
840
737
917
229
631
806
644
556
452
407
981
782
398
549
980
640
560
840
195
427
971
344
44
867
413
204
117
499
994
92
988
795
13
223
93
944
69
901
156
421
977
510
58
861
276
562
74
701
237
441
768
276
595
129
423
533
868
929
412
662
553
904
902
543
692
852
664
961
628
531
333
406
107
238
282
738
411
134
167
461
246
909
669
158
80
72
671
934
472
380
676
430
498
417
641
34
459
700
752
730
704
231
838
844
690
610
272
929
93
138
605
31
287
608
715
282
688
675
746
725
3
193
47
517
57
567
334
798
53
726
655
504
933
521
427
7
162
160
804
804
730
210
697
994
975
479
137
196
161
164
522
955
322
812
737
827
790
570
608
441
709
834
15
555
179
26
912
229
797
932
251
631
781
178
877
373
101
611
276
668
493
856
18
310
39
187
411
92
970
673
544
512
289
483
237
562
647
449
397
410
995
664
47
24
282
736
800
144
572
75
41
733
955
672
639
239
544
993
760
36
821
571
989
353
245
502
1
222
723
452
584
50
448
882
298
607
766
974
481
422
778
301
591
752
239
757
342
145
497
42
295
296
815
980
97
375
855
659
589
109
448
203
730
923
860
887
608
26
448
904
247
536
453
767
535
297
93
686
419
47
762
649
611
239
288
757
118
702
319
292
86
830
725
580
31
228
601
911
16
505
684
205
643
918
588
379
810
294
997
941
396
789
736
683
928
594
914
115
984
813
501
632
825
446
441
316
53
248
673
716
215
363
147
695
386
133
372
352
636
108
890
967
39
460
261
363
300
109
133
892
182
192
211
751
587
152
823
215
920
422
957
636
125
240
182
362
946
475
200
764
509
197
754
662
418
877
289
973
292
7
725
371
254
740
64
692
816
192
481
158
701
290
193
776
156
808
420
775
980
356
93
554
219
350
995
233
999
642
556
206
839
446
641
355
236
113
549
720
838
803
676
791
179
181
803
212
659
971
539
673
712
850
926
749
872
369
765
364
97
592
238
31
638
126
116
807
161
589
160
73
655
887
727
99
5
455
852
946
933
62
341
257
274
691
368
902
393
853
760
567
163
70
493
83
850
794
232
623
819
603
682
928
546
40
835
843
379
253
652
156
773
142
128
823
855
784
470
573
121
512
688
425
962
218
570
544
20
665
70
38
69
206
608
326
474
413
645
233
809
425
794
794
506
875
735
596
354
350
449
68
84
710
821
907
164
520
111
413
472
20
502
797
733
403
660
67
397
575
543
737
425
664
269
701
144
5
380
617
725
904
815
691
345
456
504
739
961
867
742
762
42
351
641
591
187
38
863
851
885
791
497
790
861
602
67
681
274
445
455
114
58
592
276
771
966
887
500
232
114
227
86
946
653
710
216
779
274
759
207
698
699
283
900
861
204
910
225
711
530
18
48
666
828
858
55
832
449
437
28
694
939
858
709
307
39
590
373
948
905
926
833
579
263
202
946
853
59
61
376
777
724
447
104
276
275
330
512
628
596
285
550
563
511
535
329
53
855
977
318
8
822
620
493
205
697
887
227
47
526
656
405
758
619
883
59
141
617
428
987
908
156
716
950
321
743
751
381
136
256
585
388
215
821
196
297
193
820
772
753
119
752
313
103
299
643
306
367
110
959
410
520
82
317
199
7
99
158
130
153
402
682
13
883
78
57
983
554
95
610
829
608
68
762
714
208
212
952
666
49
896
759
223
45
754
553
357
30
928
200
2
317
844
809
158
356
580
174
518
570
182
130
492
342
671
507
2
318
98
764
95
427
260
47
476
136
899
925
535
886
63
501
626
591
778
20
920
932
144
856
220
692
761
662
125
883
970
319
115
463
278
670
146
451
350
420
689
912
878
619
630
859
140
287
665
169
988
739
711
512
295
832
792
534
236
88
800
714
727
803
84
110
224
218
641
494
68
706
942
761
53
936
44
979
628
597
546
436
400
929
593
441
217
963
938
251
42
790
559
960
27
707
797
976
513
184
266
903
682
932
523
758
790
629
991
118
39
273
976
665
255
654
754
248
825
719
337
118
292
823
785
650
246
576
83
721
45
816
544
935
941
898
886
266
869
24
350
560
349
685
219
578
416
8
49
435
605
20
493
113
325
848
425
290
966
814
115
878
839
72
420
412
840
807
469
333
594
823
749
453
253
958
188
778
270
147
559
301
376
704
948
543
323
598
770
801
835
548
98
876
720
252
309
150
913
272
150
428
131
113
340
261
118
38
367
955
114
678
9
676
874
229
244
222
337
486
378
423
459
995
16
855
659
203
930
789
612
446
822
396
604
796
635
635
283
414
352
529
447
921
906
571
6
927
467
729
103
328
992
365
773
685
979
371
678
961
801
895
841
700
225
785
800
236
190
43
962
296
454
699
167
728
724
637
248
260
743
689
602
78
860
879
541
228
79
419
678
863
711
654
670
10
498
212
863
840
25
879
341
211
25
621
192
460
146
430
869
605
263
455
103
997
684
116
731
169
118
978
49
555
196
393
319
859
21
578
775
313
344
696
55
356
431
84
643
404
728
661
310
266
635
121
456
624
618
125
954
197
769
433
334
530
937
965
430
133
627
336
430
360
770
772
481
699
487
102
571
720
822
30
265
417
499
428
726
774
884
725
778
833
740
607
493
572
42
926
883
749
64
108
54
283
28
548
736
631
398
283
659
251
479
672
603
2
476
131
821
16
437
721
574
402
128
286
372
831
295
248
667
699
132
291
679
561
640
919
760
410
668
697
180
576
989
975
590
188
207
158
982
331
924
108
429
490
737
396
783
611
351
718
230
85
192
86
115
434
275
564
189
26
679
944
11
725
668
12
345
927
269
159
267
743
291
588
89
879
325
548
591
774
37
389
225
280
898
532
968
815
955
936
145
693
891
297
834
450
257
131
569
570
681
787
541
778
612
962
980
588
444
127
380
75
206
915
775
923
113
308
252
403
142
293
16
740
440
681
969
129
352
581
597
463
794
574
199
446
986
503
269
319
812
42
998
651
213
368
450
314
419
831
551
777
622
534
661
742
873
942
937
873
111
752
58
1
33
377
670
444
398
394
507
391
824
584
895
444
356
145
271
213
543
282
157
109
972
643
462
297
510
460
281
726
628
797
806
961
748
933
501
525
605
689
26
885
108
320
924
548
544
904
869
144
863
45
130
828
998
874
750
26
276
988
111
70
280
617
686
514
84
286
135
668
534
878
788
427
453
466
470
806
371
64
269
888
622
256
400
9
62
825
392
46
653
567
128
897
30
204
318
50
919
791
79
786
457
823
529
902
88
427
513
488
257
354
927
360
942
346
240
799
652
730
718
761
291
193
498
986
121
419
35
744
97
117
746
565
467
471
501
752
182
781
248
612
873
539
345
247
517
808
393
11
686
164
521
242
357
815
346
351
722
858
105
329
432
651
189
304
339
344
431
498
551
695
325
499
628
365
971
531
323
373
750
124
950
592
531
720
433
675
468
816
715
294
999
2
373
91
336
277
611
570
274
991
349
930
702
545
679
57
492
344
391
969
420
921
380
395
331
399
739
786
429
345
178
63
93
778
979
889
96
383
250
580
110
762
392
727
890
954
295
533
504
982
505
305
588
212
749
153
888
77
561
55
301
73
685
445
192
606
358
426
823
936
545
523
430
987
84
114
926
132
517
20
478
978
987
613
366
729
848
929
462
887
550
870
770
966
111
409
656
924
495
353
271
284
237
184
942
118
825
579
757
867
520
351
643
875
475
591
43
857
316
156
930
120
455
266
58
951
536
36
895
513
624
80
250
416
76
411
284
790
223
621
800
483
867
214
44
374
573
813
314
743
594
615
140
457
917
982
214
77
685
260
848
542
137
529
357
627
334
114
718
302
68
725
86
828
415
422
202
428
402
831
558
103
897
391
18
692
368
851
240
655
307
901
174
452
386
782
437
843
258
521
648
487
95
370
961
770
136
360
111
753
175
681
325
196
926
832
977
468
695
347
966
630
51
335
223
311
115
515
291
201
576
193
33
873
150
582
321
311
447
843
437
767
766
918
236
533
431
311
637
619
395
803
669
972
304
422
130
952
961
610
535
503
212
354
15
329
351
98
511
235
502
124
563
735
974
879
147
395
210
198
54
651
183
334
543
902
121
523
521
799
933
994
649
368
687
166
353
946
554
511
497
915
944
511
402
85
764
890
63
578
590
687
111
230
448
218
73
729
93
980
305
429
707
513
826
622
481
582
403
455
387
720
310
496
492
848
117
2
533
259
167
885
180
351
230
556
8
818
962
456
751
510
396
521
499
393
998
844
630
687
224
478
811
499
504
156
358
97
280
257
912
493
176
63
157
517
813
600
152
517
111
979
135
979
399
771
861
691
937
557
468
915
805
232
658
986
3
973
525
436
273
950
303
410
995
535
778
2
202
34
648
197
65
271
582
228
470
94
757
158
497
636
337
577
481
692
625
918
396
907
386
979
598
553
780
919
26
542
649
929
243
2
109
35
44
675
435
902
215
506
765
302
97
11
157
799
331
710
756
827
467
502
501
690
449
237
685
171
715
545
177
537
313
921
57
203
890
259
270
213
921
364
674
327
731
608
993
113
702
214
986
789
595
709
471
221
831
898
749
812
978
932
52
207
906
829
293
265
95
891
47
940
965
873
33
482
435
251
421
283
643
545
254
479
503
905
529
488
800
196
721
471
601
243
953
294
172
815
460
95
92
267
107
581
649
444
842
607
82
314
786
39
323
129
731
585
811
174
591
721
327
761
919
248
331
618
740
791
499
623
502
204
93
839
674
871
973
484
166
254
367
28
944
676
109
646
885
600
211
682
571
5
289
895
93
492
215
364
108
142
205
989
217
980
85
911
783
251
354
685
842
236
733
501
252
347
541
719
975
342
602
243
337
69
754
991
727
733
29
484
605
986
624
33
390
752
614
789
327
118
550
11
600
415
728
451
809
253
121
584
51
204
88
901
817
212
459
312
142
325
279
388
458
732
817
344
978
589
118
565
517
525
362
615
42
900
923
343
160
930
527
653
261
256
901
218
225
346
269
286
979
480
69
120
701
777
69
77
392
637
345
676
937
886
801
847
310
724
713
550
470
512
134
799
117
911
886
998
136
153
265
122
460
570
441
624
695
876
166
484
329
566
51
957
851
489
561
463
715
962
845
100
145
941
817
387
388
270
617
207
92
867
915
774
229
392
94
581
302
908
421
767
512
448
56
108
687
459
87
242
978
464
289
431
675
658
930
718
683
705
399
907
96
502
889
837
275
731
156
397
478
479
680
519
165
391
66
503
445
74
17
216
920
414
905
361
96
707
363
17
54
1
934
189
156
475
574
133
845
126
363
230
318
813
703
775
981
315
99
85
973
772
248
769
91
438
362
95
373
783
842
999
931
701
404
242
295
78
164
276
138
837
566
699
919
708
124
860
679
204
146
658
155
20
182
602
947
462
903
994
526
962
199
497
133
730
67
804
906
363
64
164
291
767
342
978
233
101
967
617
677
272
393
248
248
791
658
698
45
13
144
831
955
200
879
664
932
514
723
126
432
864
113
870
812
969
501
261
539
628
781
26
729
65
776
462
231
60
468
638
257
569
171
526
495
805
544
613
807
97
631
121
262
152
413
448
887
721
192
242
152
326
41
471
281
57
86
135
594
24
72
321
577
348
494
773
363
609
605
433
728
177
327
950
961
658
591
790
808
701
400
771
943
585
452
251
376
199
796
64
278
500
506
109
783
527
992
146
917
27
857
273
736
537
985
471
353
180
746
976
378
518
470
706
414
918
109
76
174
648
647
199
155
539
366
498
57
756
56
529
192
617
924
405
521
408
295
791
446
817
279
989
266
543
262
478
435
68
461
249
323
175
286
849
660
676
585
559
70
953
454
606
39
313
524
561
771
676
525
485
639
65
749
419
36
931
518
246
263
891
157
209
278
917
356
106
387
952
68
500
375
363
118
253
77
148
715
939
974
698
3
240
741
988
320
735
844
528
85
705
968
524
682
866
720
959
532
837
881
751
642
781
709
849
351
133
77
932
865
647
672
679
771
597
283
777
577
438
555
957
646
1
268
379
469
356
292
963
699
75
989
105
445
638
491
760
300
187
955
204
30
177
252
683
359
525
795
276
845
952
775
963
976
913
962
969
121
744
883
315
755
679
689
912
431
163
165
193
772
451
464
746
355
437
305
888
473
946
157
207
370
955
620
143
730
116
656
374
348
399
728
709
294
30
215
182
629
698
773
120
778
663
480
634
156
980
184
589
72
138
661
572
750
929
277
496
150
33
721
45
310
274
947
801
438
61
466
44
948
10
291
222
509
326
705
769
429
4
450
19
528
614
365
621
424
227
837
185
390
842
435
709
417
306
805
408
18
821
396
75
570
174
957
854
41
510
399
827
298
484
957
220
955
293
590
150
19
865
268
225
810
115
595
724
776
57
480
896
180
568
873
644
744
340
325
20
807
303
472
692
781
600
604
93
64
53
820
443
182
885
831
105
802
142
463
764
190
551
634
294
842
473
993
11
962
370
579
77
83
727
710
117
347
215
980
24
723
66
753
688
202
14
158
600
704
97
83
704
355
459
647
828
199
212
207
728
950
610
675
843
574
283
577
552
457
935
952
829
556
286
751
129
25
372
767
681
648
807
322
608
409
365
512
297
770
639
739
260
747
892
611
913
360
218
651
734
299
132
688
546
729
740
29
774
637
498
450
471
757
200
363
733
427
101
610
774
833
895
891
907
953
534
285
159
408
738
265
96
146
16
49
699
249
217
316
97
478
580
933
110
766
711
964
269
814
868
807
284
717
456
260
305
809
525
345
48
388
928
331
543
971
352
370
406
442
226
405
756
427
156
217
610
363
294
446
723
4
304
394
401
374
905
839
185
292
522
348
330
638
252
970
574
285
639
965
665
285
884
55
24
263
115
609
158
230
8
426
365
970
949
342
776
665
203
18
294
182
316
600
992
131
772
10
595
146
398
721
308
371
445
765
824
385
796
310
863
915
653
759
798
45
185
182
852
561
485
447
374
990
859
351
724
634
938
880
257
328
909
713
791
862
694
878
550
193
920
814
908
576
313
121
713
628
306
750
849
235
17
726
755
205
24
385
112
578
499
682
711
231
368
663
793
904
857
868
234
8
954
78
471
285
613
709
110
851
154
89
481
89
763
718
536
473
49
628
4
213
196
505
482
81
180
119
104
667
142
234
825
158
458
803
172
716
698
476
631
960
867
479
686
552
885
543
906
261
35
355
848
848
426
363
881
247
611
123
629
98
132
17
334
862
407
56
392
214
381
563
18
229
632
206
213
752
932
323
988
314
113
727
728
720
885
587
106
1
830
25
608
176
380
136
249
754
36
709
342
496
593
474
141
923
566
820
915
111
108
977
506
235
808
123
82
915
254
195
985
398
617
244
265
693
646
93
78
615
414
747
646
137
912
29
422
9
180
521
32
842
583
766
318
476
996
411
278
969
284
405
179
565
169
389
292
892
548
708
381
743
386
330
814
399
830
841
150
105
312
386
240
572
953
526
22
525
153
734
787
264
705
582
224
819
906
925
556
513
42
477
691
40
672
85
889
106
906
742
901
146
195
754
911
422
899
72
241
615
407
642
148
680
354
434
432
370
603
804
420
648
322
133
346
726
613
389
47
630
423
159
846
581
990
133
16
411
768
465
326
422
299
966
193
493
223
738
743
629
553
274
872
409
746
738
365
334
88
461
276
204
98
426
705
823
207
954
300
645
976
672
950
393
20
788
429
236
618
674
756
231
706
672
284
55
688
83
383
783
972
108
68
212
265
841
129
740
524
233
282
592
720
127
864
22
727
206
223
489
553
284
634
345
711
890
348
223
530
234
310
475
397
309
658
394
813
70
685
203
90
866
469
952
439
910
816
541
621
886
555
343
922
255
264
894
783
365
599
209
465
461
730
855
521
988
55
518
947
172
50
624
616
620
902
542
626
817
520
45
509
192
719
939
403
171
197
553
569
905
606
300
709
975
238
44
969
162
755
424
681
246
699
301
914
827
254
184
709
221
699
941
905
82
294
584
882
185
936
805
110
789
547
611
393
323
431
921
584
78
276
158
704
388
646
373
109
883
970
423
781
990
480
719
975
52
752
430
10
254
101
114
58
785
561
680
644
56
547
775
484
397
990
671
439
964
466
875
333
892
435
277
34
764
8
669
43
196
275
684
969
10
82
67
438
688
238
577
799
577
559
727
47
35
494
937
178
638
222
120
265
937
896
913
829
585
519
881
22
922
646
283
479
815
891
628
795
491
29
3
16
214
812
987
982
64
600
686
970
996
161
767
977
687
295
849
494
748
303
349
53
360
233
810
199
733
761
791
683
528
260
982
569
190
541
497
622
682
809
261
840
118
430
462
642
354
322
230
834
958
189
337
513
174
786
925
572
903
957
901
652
25
154
97
140
409
770
198
338
610
326
653
629
309
187
514
366
540
203
699
510
630
673
143
75
161
520
311
710
391
514
311
932
916
20
116
577
44
542
115
43
384
376
529
325
136
73
869
766
838
585
572
613
902
330
104
286
95
794
907
475
852
185
785
237
888
90
548
334
685
508
886
291
677
305
240
672
642
176
62
667
847
873
440
296
436
789
764
140
878
691
282
868
234
394
805
174
123
455
547
839
438
369
571
234
819
166
978
539
543
785
886
340
189
351
751
425
306
354
268
374
601
238
942
227
17
906
499
924
842
845
910
955
881
373
293
801
571
861
88
443
273
958
988
757
606
837
898
106
642
191
514
245
417
234
649
683
916
522
184
828
912
334
960
831
393
12
989
534
836
614
561
139
227
449
477
56
745
904
735
217
145
700
108
398
0
123
797
213
300
921
166
357
746
617
522
971
942
917
92
401
183
191
41
699
631
289
70
248
938
744
204
667
270
868
492
274
216
870
682
967
476
235
300
767
942
653
74
544
531
712
166
846
766
34
994
262
279
680
128
3
232
979
923
214
723
731
530
878
382
263
159
806
239
887
752
433
216
670
377
23
991
55
684
92
867
855
634
457
912
73
301
744
989
461
638
811
753
203
743
558
674
984
174
450
802
62
785
500
928
42
409
692
828
426
712
832
154
675
697
873
606
902
14
873
699
985
4
186
679
500
329
633
934
418
560
215
931
270
905
679
943
493
976
393
201
361
13
360
13
872
33
611
128
803
21
904
909
261
862
351
722
128
281
952
341
153
474
131
254
25
125
748
951
635
787
310
12
436
351
681
720
976
624
749
761
438
161
287
48
106
194
272
438
325
650
840
181
147
314
342
850
549
709
509
337
889
88
677
530
229
147
850
341
506
98
196
266
400
324
392
571
921
62
734
698
335
486
805
363
587
893
565
11
553
776
469
494
924
482
15
772
721
422
261
164
786
407
662
382
736
882
267
469
350
296
196
726
598
55
784
689
690
491
940
156
815
418
687
807
642
873
390
973
202
222
724
694
459
80
901
35
703
22
686
533
540
640
31
552
656
687
469
447
346
18
896
476
43
220
371
724
21
48
933
95
835
893
628
131
169
620
653
244
133
648
661
794
424
182
84
855
818
328
19
320
301
917
209
159
214
233
36
241
604
33
631
628
923
193
617
989
550
371
862
66
166
499
104
662
816
273
803
511
207
88
870
291
615
691
30
714
782
520
148
255
460
729
936
889
166
340
645
736
31
34
192
758
74
53
400
414
658
666
751
727
31
289
828
152
981
564
770
665
23
990
440
27
999
284
425
111
463
174
600
6
625
300
31
701
799
909
785
327
728
513
794
920
303
259
975
494
31
907
970
294
521
271
747
461
289
219
884
437
983
523
269
466
145
308
669
567
432
516
265
117
491
841
90
452
385
284
285
369
660
278
369
551
142
795
981
695
895
24
662
767
924
975
616
51
562
367
999
224
666
911
90
973
812
764
934
887
428
96
451
152
114
824
596
341
276
442
663
504
165
465
154
606
446
251
276
951
860
125
209
368
260
621
761
742
838
974
192
780
213
529
85
453
65
529
692
5
844
128
810
271
290
98
918
554
311
809
450
471
638
561
821
863
918
350
720
505
599
221
975
824
400
901
81
662
255
29
270
834
741
609
130
14
825
892
150
831
413
893
32
381
486
833
146
174
79
911
899
429
479
640
172
805
652
173
879
197
461
595
916
239
326
376
32
62
626
883
104
240
512
540
951
573
812
38
797
881
489
38
676
252
614
40
925
235
19
122
721
344
397
676
620
945
56
847
300
643
486
576
703
581
718
245
787
450
323
188
664
627
294
243
372
539
910
352
237
689
305
344
524
890
801
357
288
896
962
749
171
223
151
67
850
521
600
109
824
790
849
25
638
692
872
685
127
310
500
492
871
292
38
816
913
489
56
522
477
921
251
348
162
191
772
520
166
110
482
793
395
740
295
334
874
133
114
842
838
542
360
706
50
874
282
49
24
951
281
139
762
563
341
644
469
949
870
709
697
909
280
822
216
217
515
489
85
938
99
911
363
547
479
113
189
288
455
737
223
121
828
763
373
713
43
878
786
952
116
119
779
177
116
861
130
452
35
936
728
193
493
191
183
6
752
170
944
839
976
892
68
504
830
277
658
546
294
918
845
587
65
691
542
575
667
9
523
903
170
486
590
18
861
958
459
806
793
325
420
562
984
285
468
61
445
777
984
344
608
95
433
13
653
706
65
367
539
320
148
130
794
580
919
379
946
805
143
543
388
351
538
136
38
277
939
877
759
903
149
384
891
480
606
295
542
994
637
834
853
526
336
610
756
455
710
875
976
824
476
439
445
820
743
187
430
798
602
605
302
623
109
259
417
130
627
339
578
459
87
207
371
564
585
592
174
659
695
283
465
74
585
955
820
53
372
141
845
366
211
44
529
290
933
409
867
487
586
702
206
846
79
473
205
926
676
828
37
614
714
829
276
351
636
429
911
223
140
101
210
191
332
96
972
923
124
320
283
927
179
184
677
31
386
506
549
359
211
934
220
465
8
273
616
193
337
582
265
5
262
399
630
761
775
711
726
901
17
856
521
625
822
342
939
680
797
267
999
103
30
834
989
31
319
514
680
459
316
521
27
449
975
904
653
627
889
644
582
11
13
957
774
174
427
894
412
17
226
5
220
987
0
871
490
179
886
355
556
719
418
479
526
725
277
49
63
159
466
662
399
90
665
574
647
769
883
921
423
549
876
814
613
859
44
792
429
629
57
879
563
64
38
584
583
709
766
598
527
823
896
782
296
996
920
540
943
893
991
849
627
906
439
830
847
313
566
561
396
320
892
850
698
903
31
228
691
79
943
566
594
295
786
18
3
797
52
612
126
436
992
350
341
832
602
723
796
66
526
460
673
677
795
470
566
348
308
413
495
206
146
960
44
407
679
614
164
345
659
345
100
255
69
559
71
315
507
132
518
904
592
488
336
814
486
508
328
858
113
27
488
66
27
618
2
320
667
107
497
510
547
184
700
162
518
899
710
580
930
636
317
153
439
740
792
628
662
81
539
428
724
516
719
360
46
528
403
233
247
972
562
934
425
865
196
419
985
259
207
18
515
172
491
332
895
501
38
672
720
411
917
223
982
625
613
2
249
960
788
439