15.630247159625473
20.153006069888008
2450.8133686869164
3.2642486599032976
26.699304769947844
646.972786898998
1970.9915340084947
83.37740749644105
24.672860448533896
7610.144736371567
6754.84241510972
2.374107096697647
57.221186024147016
30272.516593285996
2.5265246739587113
78.1054741749943
16.23049096837799
5.745138024658065
527.306670491156
40.34007581497943
11.588199019065005
855.8666299534369
10489.77936446627
2.3607107054850447
4106841.072773079
7077605.52256494
2.359878028782566
15823.284833795844
4.436250370316234
2.938225731259398
18763.84972637113
40.81999637997609
37.41979922400974
5622.5825268686785
6488.760384653374
47.109466817639515
140.50111262331308
102872.57809029397
51689.906997396094
690.2774352754263
334.52422868859685
1425.8873124429435
35.451378435202486
173.05548854502288
1326.957098935175
49.1794685640335
17.147020656732597
3663.7231594152927
985.940579791966
12.072350171011728
14.449682111993411
711.4847125132216
10.840254673875698
6.3540524767747435
6.311328629189035
10.805826466618996
127.36217375645695
2.6412143969283477
71960.35328915941
117.59957608644721
232.3829593988949
967.2443987753638
1038.6796424357208
166.19610409015138
206.8085599535582
341.88157877000145
313.8115132467852
1006383.2297575973
6.115224631425334
31403.908496612887
467.1935628121795
11.104938997348565
21704.559300191315
179.37440225997292
563.5917600644285
70691.88966926046
17.018005303512428
1642.7932986209532
2897.4420913587355
10.995861086773946
2.545909485684168
4373.451794203659
114.68921060803086
21.131586533872298
950.7074628729721
114.39885946992352
107.3235218620937
11875.088884180086
2.507514953539212
99.3213912117146
3.3682295180751156
3.28154556364711
3732.939653685508
2.3878109836821184
3.486912311515222
8035.374968572534
1721.0310757063635
30.70006685926372
232.30177597295344
395.7679614787521
43.21501797332425
309.84656590072984
135.9788065458234
39.10213366817754
1472.9244587328712
124.14500081504181
69.79811387594927
2073.3916707213857
19.436763360689884
21.434727653490576
7835.590554272061
38.48891376529447
729.1981573625633
319.1521401099617
47.43428661149915
3658.5695821130275
4459.500379733377
2.5126256360762653
3312960.9009200535
257.36197619675534
161.20611750209923
168366.8108322793
3.605373607440477
533.48024735639
8.242995443136069
12.13233664311776
15.14040387411633
8.657607341261592
6.890731248680665
8.813311421312019
28.980475824600333
8.340053849900485
9.940669036841063
27.88773824844601
889.5823664061567
16.335899502491895
11.958852104487889
597.4485159598999
978.6624960994122
2.4414659494242983
897.5466015637061
3793.5377528553213
34.74409733123709
273.866764167623
32.8124605689106
41.18459964017006
2.6163191513644897
19.380364600015895
6.450676335744507
4.671730324190743
421.87472652193634
19.70450596773957
12.007907311595147
643.7590517334877
8.967802102975737
2.8401156279559574
914.4019942331425
4.3776631063876685
7.211131922626139
974.943555878932
16623.898994227147
4.987386032599609
2.578055951160096
11500.12669658389
16146.400290705426
38.307243475451045
507.9486700383843
720701.2968313886
2122280.9425139944
162328351.55921492
2.3578583382383527
15834.092136389232
1982.454939784036
14.302282417274224
263.5586777060353
7705.255398012786
357.1520573210237
323.9465905828178
1510.4350247025636
489.4742965048655
3.6266263005359485
2927.153752321581
4005.1223573282145
98.51819319735438
123.54237354487638
1711.982957654278
1138.6278439944588
1137.6857914862971
46.48075102444353
28097.478108069732
31853.905891605904
45.89297821431743
517.0043031075819
46319.863605917475
9.488339438498919
318.02237514031845
44723.73571783674
79.34589543013796