685
530
60
984
434
79
414
727
921
120
578
959
470
671
917
116
579
520
781
986
823
591
94
268
527
858
108
596
444
782
41
492
732
252
788
895
643
649
173
961
540
18
258
73
896
442
13
836
510
480
841
38
826
944
644
499
448
840
333
652
58
172
873
881
487
318
912
562
501
691
37
286
518
239
768
714
310
791
51
821
222
606
207
783
890
311
996
389
144
832
942
827
497
95
254
953
201
68
204
214
23
718
437
161
40
939
362
810
572
490
690
39
115
6
357
950
395
581
44
269
362
55
572
435
991
755
148
638
536
777
111
492
209
252
888
201
484
23
331
728
570
633
690
703
286
681
239
796
202
308
890
744
831
124
95
959
724
580
632
781
466
823
547
94
262
527
859
769
143
128
193
192
22
928
3
811
438
604
325
98
59
523
4
257
950
54
10
872
659
138
792
375
89
741
212
166
206
29
23
879
515
999
987
144
591
195
471
928
334
299
396
746
556
785
775
643
310
283
232
751
202
785
204
494
929
401
70
920
214
500
21
37
437
363
552
906
618
812
465
817
405
606
920
980
665
661
450
963
544
507
176
36
371
432
851
243
483
200
331
204
58
535
735
110
276
522
387
695
45
965
220
18
532
804
259
646
54
630
435
776
755
129
677
941
624
8
264
72
236
12
17
439
728
243
975
421
17
326
146
736
707
125
672
356
966
848
800
654
816
119
819
446
307
242
389
933
832
7
992
72
75
442
865
927
80
153
213
706
931
635
70
612
352
701
395
452
922
544
815
107
490
359
252
395
932
833
7
827
293
644
349
283
738
239
166
714
368
673
851
454
995
251
806
530
605
110
697
359
799
336
601
227
468
203
248
890
530
831
110
644
522
448
769
845
640
140
960
26
77
729
865
276
139
344
887
226
830
381
818
393
307
44
232
362
17
743
3
272
512
344
109
738
871
637
829
191
607
543
980
623
15
778
292
90
747
724
458
632
844
466
826
35
95
6
527
950
474
296
761
860
127
313
447
900
242
301
421
860
925
313
500
900
254
64
895
864
82
317
725
863
632
994
265
656
385
629
758
979
638
504
265
36
55
363
734
337
975
853
588
597
268
782
236
823
892
819
996
819
144
819
195
488
379
252
63
201
434
378
926
740
500
678
37
454
432
918
414
814
409
92
756
212
787
718
88
279
866
856
592
482
782
843
90
481
953
843
297
599
234
981
202
661
378
686
228
455
893
406
319
558
388
618
411
700
409
964
834
18
653
804
282
134
52
429
5
412
950
244
808
712
817
673
645
624
173
264
28
897
729
502
975
328
663
908
117
154
8
943
1
668
512
175
694
881
168
648
199
449
717
251
279
530
565
181
773
371
603
574
610
617
102
700
208
681
419
455
326
544
571
774
772
310
493
389
39
557
363
988
906
591
666
698
281
799
52
130
360
886
743
485
125
253
356
932
907
669
503
175
549
199
989
379
16
338
585
568
471
260
35
896
875
155
487
194
550
379
107
850
522
597
769
782
128
129
27
429
514
554
182
689
883
798
997
6
806
145
134
430
941
42
497
362
766
906
676
666
683
687
113
967
958
18
9
511
147
36
536
363
692
60
286
4
857
0
825
512
95
256
15
896
1
155
438
943
243
810
382
604
393
98
44
208
433
419
414
925
921
66
153
525
884
183
595
709
184
278
196
53
22
5
366
438
231
837
16
598
216
99
889
720
319
277
745
238
167
380
710
338
123
853
868
312
998
50
806
435
93
40
354
220
61
889
434
137
552
428
177
753
424
165
554
880
988
485
660
843
629
481
979
550
15
262
511
384
767
923
457
153
919
372
152
574
25
690
436
168
414
28
47
879
732
593
162
99
368
445
904
41
300
7
348
877
226
81
381
867
338
139
227
26
528
367
110
849
209
85
533
526
181
257
30
237
514
423
621
838
266
141
55
26
222
367
20
743
949
459
10
545
21
619
292
700
349
452
852
918
85
501
14
254
218
420
719
43
673
220
285
532
857
259
655
347
172
569
938
105
583
10
982
364
504
743
767
459
969
250
588
201
780
890
3
831
74
95
954
724
580
462
96
844
720
87
675
440
624
324
101
736
870
166
829
29
95
514
212
621
888
778
137
641
887
283
318
345
900
738
13
125
805
9
304
951
350
808
569
92
105
527
721
620
632
188
777
708
823
278
94
344
724
738
789
459
88
919
212
67
931
726
582
632
699
777
681
3
170
19
881
804
830
2
644
657
960
792
150
820
24
645
436
118
243
723
894
632
319
777
745
129
636
192
191
717
708
634
160
777
880
90
997
724
509
277
402
238
245
892
712
996
791
509
494
329
330
396
225
833
422
992
240
656
19
451
437
918
552
12
106
805
359
93
336
527
568
108
617
721
465
632
248
191
420
31
925
436
578
243
699
19
169
949
938
10
583
72
269
215
385
376
557
575
476
991
916
802
302
93
860
724
994
120
806
722
816
675
94
797
953
89
297
527
348
183
911
709
154
278
194
750
416
458
413
762
756
969
787
663
309
963
901
288
301
349
746
226
167
16
427
949
753
10
638
21
612
658
464
792
405
642
835
630
653
979
794
149
6
24
19
514
804
768
491
640
39
173
733
199
633
379
978
905
15
503
292
37
235
733
380
276
905
387
666
923
175
66
540
525
770
108
4
871
657
317
174
900
938
502
71
37
13
221
364
930
231
669
893
175
594
199
981
891
15
996
292
75
747
727
167
163
939
939
156
298
537
391
111
320
522
342
769
853
91
312
953
900
68
155
726
25
974
436
151
837
430
315
554
388
263
45
384
519
557
694
263
627
859
979
143
149
940
536
8
473
659
335
280
343
898
853
155
85
372
355
574
61
991
873
290
316
235
50
17
947
3
296
365
903
394
155
922
706
578
672
470
683
405
113
920
958
11
68
659
726
117
974
446
151
836
707
992
790
587
494
471
252
760
530
127
472
447
916
41
152
874
943
487
71
912
525
152
108
943
444
810
324
817
854
94
995
866
509
998
767
587
786
268
309
858
51
596
435
184
837
937
653
298
961
348
507
340
841
910
87
300
725
234
120
935
9
669
218
962
207
77
890
353
319
61
562
361
261
849
566
142
990
428
660
753
451
677
544
285
262
857
347
825
569
0
617
586
977
609
803
267
304
346
563
399
104
321
209
736
206
971
417
76
326
954
59
809
873
1
999
295
75
902
353
13
395
293
44
349
362
57
337
873
568
138
991
428
505
241
402
933
558
669
263
793
347
6
340
295
910
48
577
5
699
365
287
231
564
528
616
771
465
640
334
960
58
507
434
767
243
127
933
959
7
9
293
659
48
963
222
800
377
93
740
212
971
718
76
279
865
387
998
923
144
665
942
793
583
820
187
1000
882
586
830
698
644
681
795
682
6
170
657
199
117
534
357
259
848
896
312
64
50
864
5
829
731
607
633
980
612
149
464
885
334
830
225
95
893
527
996
986
294
79
48
727
947
462
296
332
746
855
679
85
171
952
938
580
71
96
864
523
486
769
912
640
152
118
884
8
648
876
119
487
723
912
632
302
777
746
492
167
39
710
363
973
60
289
361
390
906
923
812
500
305
403
744
245
970
894
151
82
430
355
42
395
220
410
532
834
693
480
453
331
406
225
920
715
303
460
348
545
399
688
247
965
712
589
279
471
565
248
616
932
103
496
870
328
80
737
725
678
974
171
801
28
304
217
389
719
320
972
571
506
105
914
721
579
120
187
210
882
533
830
693
306
453
350
763
569
127
178
959
936
498
298
840
391
87
411
952
559
159
476
537
249
473
530
916
181
814
30
135
879
886
316
595
863
696
313
169
745
540
167
258
29
237
879
529
316
622
900
778
502
90
766
441
786
415
309
834
350
141
852
705
312
790
900
88
667
724
116
277
446
53
324
734
224
788
715
494
122
551
868
477
139
761
375
164
229
198
16
928
728
70
788
13
88
876
953
650
68
172
443
711
754
635
968
466
588
35
97
432
358
926
848
665
85
687
355
625
230
613
528
701
259
452
896
333
502
855
549
85
176
952
936
68
71
443
726
324
277
59
750
223
167
889
198
319
379
863
905
994
300
144
391
707
411
973
921
17
153
585
884
186
997
425
806
241
605
19
271
515
236
621
935
700
7
626
72
101
865
720
998
974
806
506
491
841
842
599
314
696
562
681
691
113
627
211
264
376
346
850
852
483
85
400
355
558
848
263
824
54
306
872
744
487
458
843
919
87
152
526
372
108
741
444
784
927
643
500
630
549
467
774
248
310
420
51
838
5
992
731
587
463
186
545
196
477
534
34
181
6
709
365
123
572
959
178
68
542
726
111
789
10
309
364
389
337
411
568
244
260
19
749
437
970
243
588
421
983
752
15
638
804
100
646
11
685
1
967
512
150
256
24
749
729
679
633
624
612
190
779
708
641
973
448
151
544
24
619
436
103
243
720
531
163
472
368
335
392
58
321
735
59
276
516
344
768
852
91
483
724
331
163
737
939
166
8
939
805
583
134
187
941
31
156
948
537
499
692
254
627
713
101
972
208
17
21
658
728
963
121
662
521
629
108
190
209
425
21
554
949
263
69
347
955
569
9
617
584
465
609
760
189
639
425
265
241
567
382
990
338
505
56
402
946
835
69
827
214
132
376
704
850
790
824
494
489
764
764
164
786
29
494
729
330
463
343
33
227
944
203
158
890
537
82
692
213
798
21
308
728
901
463
502
250
328
713
855
460
142
332
887
855
648
597
172
99
540
870
623
651
778
282
602
751
98
679
957
797
159
601
372
610
904
779
65
641
955
283
297
898
561
576
478
982
847
803
826
304
306
744
51
124
5
959
731
580
633
982
100
149
11
707
513
973
987
289
290
560
235
104
17
956
3
297
438
561
552
691
263
453
896
544
13
774
805
91
816
953
1000
68
145
726
24
163
879
427
138
327
193
854
379
312
740
351
459
738
332
272
396
856
44
825
732
818
975
645
801
173
304
199
563
416
616
326
778
854
492
483
842
38
599
6
469
219
846
207
140
716
538
122
111
9
871
951
317
158
351
537
57
180
223
371
719
904
279
14
387
21
320
292
736
48
784
5
643
438
173
926
426
153
42
706
945
790
670
5
450
508
763
36
786
518
88
475
866
847
139
87
940
355
8
395
147
321
942
571
298
479
234
761
202
676
204
454
23
763
878
274
593
53
782
947
602
499
185
840
370
993
741
806
971
605
76
271
524
858
257
482
749
550
679
619
797
188
308
937
389
497
557
328
177
343
424
227
924
16
303
728
49
162
872
198
650
891
794
649
6
119
295
958
349
159
852
943
995
668
587
175
698
540
626
692
776
453
492
32
913
432
67
325
726
571
632
690
612
115
102
8
358
439
395
837
247
141
382
375
575
851
991
995
148
587
195
698
534
626
693
101
798
208
6
888
74
319
442
745
242
679
382
683
905
113
14
357
584
573
268
105
346
10
911
1
812
512
135
694
886
286
485
52
765
360
786
231
494
715
913
122
579
356
470
573
405
105
323
522
909
986
666
148
450
707
763
123
164
356
368
848
851
483
483
253
912
383
579
393
187
247
370
531
904
472
300
34
860
875
84
828
355
644
848
283
654
857
961
84
150
952
885
68
83
525
440
257
324
54
909
435
812
926
604
815
783
647
3
630
295
702
390
287
832
751
992
124
587
447
698
553
169
775
369
603
904
185
14
425
584
554
983
476
504
546
36
107
6
10
512
730
694
788
453
88
845
354
826
230
644
422
448
838
406
827
835
818
598
606
696
697
114
799
357
820
573
307
690
232
286
714
857
122
655
356
449
230
32
203
875
417
999
240
144
531
430
771
241
91
200
212
378
888
850
649
654
684
172
682
28
796
436
820
837
488
827
551
489
989
252
148
932
885
496
830
254
818
420
645
838
118
141
8
705
364
123
337
447
227
324
528
342
110
853
10
483
513
843
182
993
936
656
156
117
706
8
973
876
76
999
727
656
632
629
703
467
626
334
613
855
779
597
129
981
374
15
904
658
812
117
817
446
133
553
27
618
948
266
670
55
116
734
357
463
848
919
995
501
144
328
942
855
497
85
254
952
932
671
496
793
254
820
201
94
23
354
437
230
755
528
677
984
112
16
723
511
277
914
344
12
852
72
995
727
509
974
329
289
58
902
946
667
808
450
604
32
468
875
405
487
245
331
933
343
157
341
194
227
534
715
181
122
542
210
692
718
680
791
796
88
601
441
697
553
626
988
190
660
882
451
648
406
631
408
702
322
799
854
642
312
685
863
455
596
544
611
688
102
627
445
101
927
523
578
257
982
749
590
458
186
407
31
46
367
945
60
581
516
781
256
823
566
819
990
488
290
401
747
46
970
519
801
768
605
603
468
980
334
78
58
442
434
754
755
126
677
959
797
297
130
234
941
892
497
319
766
900
639
813
466
305
334
744
225
124
16
210
3
419
0
326
512
59
768
4
310
877
389
81
320
952
224
68
16
13
437
730
243
633
894
612
137
102
26
957
2
671
512
450
256
32
384
6
832
0
653
731
449
276
333
565
396
990
247
660
712
629
460
101
332
870
225
486
422
912
752
664
126
793
722
495
277
842
344
993
852
75
312
865
900
80
155
725
706
632
973
777
663
602
963
980
507
149
402
536
920
473
665
761
628
164
190
29
425
2
241
512
421
621
752
977
275
504
238
548
17
107
728
209
975
419
289
240
349
531
399
622
556
615
775
701
128
626
192
101
891
445
319
242
233
200
423
378
838
338
653
56
449
361
763
337
639
227
265
203
236
204
380
890
63
649
873
172
138
938
26
668
436
450
40
845
874
826
138
644
428
448
839
763
480
639
253
703
932
964
582
77
470
442
248
754
713
677
791
285
309
239
563
529
179
181
542
542
180
692
709
453
461
333
332
908
908
812
812
817
490
94
913
866
501
592
403
611
408
267
244
55
200
872
535
487
472
550
335
477
58
335
516
396
621
410
103
559
11
988
513
16
475
292
249
902
18
13
437
805
40
2
519
508
256
548
859
477
482
546
253
774
713
310
460
232
762
17
676
437
624
837
264
86
236
14
423
730
413
162
756
939
126
71
210
443
931
41
7
362
21
849
804
654
2
684
657
967
686
18
967
804
288
605
390
783
557
90
263
527
54
257
222
384
207
832
23
992
3
20
731
146
162
536
427
111
412
359
921
395
11
247
147
712
536
279
473
750
335
273
58
344
223
57
719
946
972
581
801
470
134
917
27
814
217
1
418
19
413
804
834
134
86
704
725
123
462
210
545
21
774
949
310
499
563
840
261
993
749
294
970
235
801
892
304
137
389
705
557
278
988
899
802
64
304
443
389
754
557
275
106
238
522
714
474
673
847
112
140
520
26
108
2
721
438
675
325
112
342
211
398
419
247
838
531
992
693
20
680
22
625
658
264
174
748
28
679
729
454
276
251
856
895
143
484
538
331
692
396
286
44
857
7
655
365
172
572
938
105
497
871
328
139
908
26
577
436
470
926
35
815
875
135
999
192
587
928
97
7
11
293
730
560
975
104
76
522
865
474
651
335
119
225
211
934
931
157
70
537
352
692
230
798
16
642
437
685
837
284
992
898
75
502
727
254
462
383
844
740
599
678
99
966
445
18
836
22
141
511
940
914
298
67
49
864
360
139
394
887
247
83
933
213
7
931
584
70
609
726
464
163
846
880
314
485
745
843
636
140
265
428
858
924
825
815
644
135
960
886
288
83
861
725
994
163
587
29
983
217
291
930
902
582
667
781
116
311
520
862
257
655
859
282
313
898
745
576
458
982
844
504
652
841
684
826
967
644
507
960
841
18
481
585
912
186
12
708
510
160
841
29
652
217
282
20
239
3
714
365
972
394
151
759
24
638
367
466
394
334
759
58
456
516
407
475
757
249
968
932
151
496
885
254
830
201
95
890
953
137
809
538
1
985
807
79
304
524
563
474
104
335
10
855
951
85
158
355
537
61
985
516
16
621
511
266
255
897
895
13
996
584
656
780
117
641
446
173
553
28
988
217
505
418
914
925
814
665
305
116
232
211
714
888
279
82
856
526
655
474
449
249
845
530
993
259
75
347
215
226
533
203
110
204
359
890
61
137
873
375
316
229
233
422
202
925
23
66
216
525
889
695
594
965
184
507
543
402
623
920
465
153
760
194
969
717
801
634
134
978
704
661
790
792
5
495
508
764
548
786
107
643
10
630
513
776
694
3
115
807
723
134
277
941
53
298
222
234
719
892
460
594
33
469
875
334
138
570
428
479
42
34
362
733
849
788
995
309
509
901
329
301
343
348
910
340
812
739
647
678
630
285
101
52
957
360
809
337
647
341
630
341
264
739
567
459
179
919
197
12
205
293
378
235
575
17
991
949
591
10
609
147
189
536
370
180
62
709
434
461
325
844
909
314
65
351
13
569
218
178
930
709
811
123
604
356
271
742
55
971
872
588
316
97
388
870
923
651
815
172
305
199
744
205
167
417
368
555
339
476
341
916
853
302
85
348
725
340
789
341
494
227
551
893
989
137
290
193
560
416
179
413
709
921
278
153
565
25
616
948
188
69
425
443
554
927
177
815
936
135
8
704
584
160
97
710
870
973
80
663
526
792
620
642
778
118
641
869
118
998
211
806
419
134
413
941
47
583
519
982
256
590
384
97
45
720
220
974
889
506
484
255
38
18
363
878
743
138
459
940
407
156
835
943
653
8
172
21
938
73
71
12
214
364
888
743
649
678
282
966
386
662
411
117
47
211
519
931
182
299
197
49
928
947
299
499
234
549
935
107
582
359
187
848
543
142
770
375
822
741
133
125
374
210
229
21
893
366
137
337
26
910
948
503
808
840
604
87
468
867
917
486
579
550
470
619
846
465
993
35
294
944
349
69
738
214
166
718
427
791
839
131
992
539
144
111
195
444
534
553
472
689
546
798
989
820
660
1000
792
807
495
491
913
252
302
932
860
669
482
116
912
446
67
415
864
322
317
736
388
971
411
663
244
280
531
751
472
273
249
750
932
167
811
710
305
973
51
289
360
349
572
57
260
873
566
81
616
725
615
462
189
250
425
383
42
905
220
503
377
403
905
558
577
618
470
977
846
504
140
767
428
786
327
643
59
960
361
18
394
22
247
73
200
524
204
108
890
10
82
730
725
788
462
131
762
429
969
839
588
141
186
26
196
436
416
837
413
653
322
172
909
881
503
595
328
611
225
701
934
964
7
662
72
117
12
8
951
730
808
633
817
703
307
287
901
898
301
301
860
903
596
813
184
817
370
819
339
94
568
354
479
395
34
321
944
397
581
759
608
968
614
801
701
93
626
212
979
21
504
366
255
394
420
556
413
476
834
249
480
420
253
752
895
638
831
978
489
149
842
942
140
497
26
37
514
733
256
463
566
844
616
652
778
794
90
642
724
448
462
32
33
6
875
365
81
906
213
577
888
982
996
78
509
442
402
242
757
894
677
319
797
351
6
569
145
178
942
936
497
71
403
352
558
573
689
105
286
956
239
809
423
1
925
145
815
536
135
985
704
591
278
780
565
90
104
953
871
498
998
328
509
58
841
361
826
906
0
812
508
135
767
704
639
973
703
17
169
146
711
373
790
339
600
739
185
678
543
285
111
898
209
155
21
537
949
258
10
566
659
179
792
371
130
851
192
483
205
765
929
274
157
565
884
990
136
802
428
93
839
724
992
632
806
777
646
492
173
39
711
518
278
256
750
384
124
758
868
787
829
494
607
551
783
989
129
148
941
536
810
180
92
424
866
42
829
874
644
999
118
75
958
442
580
754
699
677
799
171
601
199
185
534
370
984
741
802
784
2
88
74
527
442
695
927
115
11
520
293
474
861
335
84
908
526
65
474
443
335
41
908
519
300
768
561
493
691
330
168
343
28
56
514
4
109
877
444
999
553
509
177
548
936
176
810
883
490
648
330
684
58
682
4
455
0
845
219
481
377
912
228
152
16
884
3
485
438
550
243
774
421
4
43
586
220
268
418
55
752
435
968
40
289
732
48
162
5
710
731
635
788
265
5
55
295
872
560
593
691
469
627
248
979
201
661
929
629
299
264
903
236
64
529
443
472
242
546
894
688
484
680
38
113
733
8
162
218
880
418
648
43
119
433
958
325
580
736
982
125
661
9
280
951
345
670
340
175
853
426
312
924
388
66
45
443
7
553
950
263
296
749
234
785
380
494
905
401
65
558
955
263
809
896
604
155
468
884
334
83
737
14
637
513
100
987
358
79
230
442
381
41
850
220
142
719
705
122
278
959
53
68
517
352
768
907
493
666
551
628
477
190
34
196
733
891
674
137
966
705
589
123
268
959
236
809
202
92
204
441
417
415
326
921
224
665
528
116
181
723
709
277
973
344
17
226
804
422
646
43
795
874
601
999
98
20
208
511
533
767
984
969
148
76
195
727
717
974
279
588
750
268
785
55
643
360
630
572
101
105
445
359
324
907
909
503
154
254
372
420
741
413
459
559
545
988
619
290
103
235
11
935
218
582
377
781
63
311
516
563
987
691
148
286
536
857
111
482
956
550
671
688
687
965
682
288
967
48
77
222
865
377
80
228
213
715
718
161
972
710
17
123
804
447
134
41
192
732
205
674
23
624
437
190
837
370
480
904
400
65
757
726
968
974
506
801
36
491
363
764
337
969
398
17
922
511
66
767
955
127
9
521
147
108
195
209
416
376
240
63
421
735
925
276
578
238
96
423
870
838
317
86
388
952
758
68
126
443
722
415
163
47
939
220
583
207
699
929
169
7
199
293
717
235
634
202
612
417
779
752
129
968
27
289
729
902
975
301
76
561
353
478
907
335
812
343
1
56
586
735
471
121
248
521
530
769
622
640
188
685
708
796
973
495
663
551
963
989
150
591
536
698
258
799
54
642
360
685
849
682
142
967
26
507
948
402
581
408
470
244
35
894
6
594
438
469
837
35
598
221
981
20
15
949
511
499
548
549
989
477
290
249
349
895
340
996
568
806
105
646
444
173
41
426
220
241
889
421
594
925
270
665
346
450
911
32
503
944
37
158
875
537
81
985
526
16
620
658
977
451
78
918
524
664
695
687
453
170
333
369
855
574
995
991
806
591
2
780
586
602
97
783
11
311
951
232
581
202
781
378
641
338
685
568
455
617
763
977
639
149
612
536
976
770
803
493
816
330
133
737
886
166
997
29
75
514
215
182
718
371
791
851
131
995
192
294
534
861
110
482
209
38
718
944
673
69
683
352
967
230
800
528
646
771
448
640
333
685
737
284
971
345
506
569
548
479
262
34
347
875
57
999
223
294
377
235
850
935
142
669
193
116
928
211
669
718
628
972
702
76
799
865
495
998
913
144
664
195
450
891
251
82
530
526
693
769
115
603
357
980
336
15
853
658
824
963
95
507
212
548
376
774
63
493
4
551
512
774
256
91
859
441
994
553
587
106
983
209
803
931
304
299
232
49
935
435
299
926
561
11
691
293
453
902
251
576
713
982
791
291
821
235
133
380
374
228
851
893
483
137
331
193
570
534
991
110
505
209
36
206
944
890
499
484
403
253
408
383
559
393
177
247
371
382
339
228
739
203
678
535
171
771
938
603
156
468
372
846
62
87
873
14
316
218
388
889
832
831
315
489
233
913
529
579
259
269
896
346
155
399
25
922
367
303
60
561
223
691
377
168
338
938
853
810
654
135
119
886
357
136
742
193
678
416
171
838
881
992
648
144
119
430
869
241
80
933
526
811
620
647
188
795
937
495
156
252
537
420
770
925
493
815
551
604
619
980
778
590
90
698
441
799
41
601
220
185
532
882
984
830
660
95
792
866
308
80
389
440
45
324
7
571
731
991
162
591
939
97
156
358
943
742
497
166
403
368
757
904
126
154
868
706
651
672
449
966
845
589
87
609
355
976
230
590
893
97
82
208
213
888
21
319
437
351
926
226
303
893
860
594
143
696
428
626
839
702
653
169
119
540
211
985
419
148
240
373
421
741
326
166
224
710
422
790
413
88
756
953
677
498
966
254
662
420
686
413
455
834
251
992
420
294
838
48
653
5
684
950
170
69
28
443
514
41
987
7
290
512
560
475
478
847
249
87
932
213
157
419
537
326
623
342
465
227
846
934
599
811
782
305
3
744
145
458
885
545
830
176
132
709
704
790
160
88
710
866
790
486
643
843
795
140
308
375
744
851
970
824
289
818
861
606
655
610
449
189
845
543
599
623
981
188
590
196
780
717
492
791
551
643
989
173
16
369
292
229
560
893
261
649
347
631
340
264
568
858
772
84
493
440
842
242
826
712
489
791
401
600
558
980
106
504
871
36
80
518
14
768
730
493
674
764
966
676
800
683
646
796
283
820
857
1000
825
586
818
983
94
661
212
686
206
113
23
869
515
998
182
587
883
780
318
602
50
468
435
35
755
221
968
377
289
740
235
272
892
344
82
57
725
873
632
999
265
656
567
280
104
564
10
773
439
91
552
527
177
695
936
168
583
426
781
241
823
531
307
984
350
591
399
780
556
602
106
98
721
870
675
317
112
351
520
57
183
434
936
552
497
689
766
965
639
800
978
304
78
744
12
679
439
683
926
284
303
857
391
994
923
20
815
146
135
942
704
583
790
781
131
823
539
133
180
374
197
392
717
321
673
342
966
910
507
812
767
135
676
539
966
111
150
444
536
754
111
456
444
545
754
107
275
10
565
951
104
10
956
72
297
442
860
242
655
712
449
161
763
368
164
339
427
739
241
971
200
151
204
24
535
729
693
162
965
368
507
574
841
991
826
16
132
511
374
36
574
432
772
755
493
456
330
250
855
18
654
366
684
743
796
784
601
494
783
330
492
570
764
772
457
493
407
330
245
225
894
203
319
890
562
319
104
388
522
832
769
827
493
607
252
980
530
78
110
727
871
789
139
5
193
19
717
585
460
983
332
803
908
816
300
819
391
645
923
960
11
288
72
861
727
482
163
912
427
152
42
537
732
473
633
404
191
323
708
571
160
772
368
91
741
724
272
974
53
663
872
963
999
507
144
548
373
688
851
627
483
190
550
543
774
473
128
761
539
457
623
250
977
201
803
378
2
228
508
381
402
63
558
735
988
674
290
112
390
723
411
789
921
5
153
586
431
268
412
567
756
773
165
493
368
913
339
501
568
328
991
396
79
922
12
578
730
96
463
11
407
951
245
158
382
194
393
22
759
366
456
572
762
772
786
640
821
795
488
6
252
74
383
727
63
974
361
151
849
536
597
623
469
266
334
236
396
714
44
791
7
643
950
283
158
386
537
45
770
945
310
670
901
116
667
520
793
986
820
148
488
885
401
648
920
172
66
881
443
83
324
355
224
848
381
654
850
172
654
711
684
672
625
454
776
251
823
420
307
925
389
11
923
584
815
186
817
196
488
205
401
716
920
161
500
29
549
436
989
325
505
342
255
341
18
341
366
739
572
678
617
454
465
544
760
176
127
424
9
241
730
933
633
811
612
135
189
429
196
924
928
815
669
647
962
173
150
711
536
672
623
454
778
333
90
737
354
678
907
112
666
520
116
474
869
404
486
245
400
712
920
122
815
447
92
553
212
775
376
822
338
819
853
819
142
133
940
704
8
461
659
332
963
225
507
203
329
929
908
157
577
431
608
241
189
712
196
972
22
76
878
442
81
41
867
362
998
572
509
105
402
209
558
718
988
673
79
683
353
170
573
540
479
623
761
188
639
370
100
574
720
772
675
493
454
551
544
688
619
453
700
333
287
737
345
166
911
368
666
339
450
739
251
125
932
356
7
848
805
654
816
961
94
800
212
646
888
795
831
495
132
551
941
477
156
916
943
664
810
281
647
52
173
222
28
930
436
811
40
817
945
645
581
630
187
613
31
189
367
937
337
156
227
372
893
904
831
577
644
608
173
464
28
917
729
501
276
254
238
18
423
878
752
593
126
782
959
823
809
133
135
374
192
574
416
105
43
444
220
324
889
397
484
247
550
19
989
3
148
950
536
808
692
92
115
724
869
974
80
17
440
73
836
12
141
439
705
325
160
224
939
422
810
555
817
775
133
603
941
271
156
897
194
64
205
864
23
592
3
981
731
149
276
373
344
851
569
654
617
631
778
979
3
504
295
767
390
274
320
750
736
124
678
868
797
80
820
952
94
68
15
864
876
592
81
469
725
547
632
989
978
802
149
816
430
133
753
27
638
948
265
69
385
525
320
183
571
424
617
924
103
303
720
561
163
478
939
249
71
201
525
204
183
535
709
181
160
936
939
497
668
328
175
737
711
971
278
289
899
861
576
313
269
745
567
636
179
978
30
590
729
97
121
523
356
183
230
30
381
2
393
365
833
572
992
178
75
424
442
554
836
476
480
847
765
652
639
631
703
979
964
590
589
471
780
917
129
501
374
915
574
501
991
840
16
140
73
538
12
180
439
709
414
278
244
750
421
458
413
332
409
343
756
227
968
893
17
831
585
818
268
133
858
27
596
436
270
40
858
433
655
40
172
519
426
109
241
871
531
317
181
900
936
13
71
510
443
914
415
152
409
194
834
928
480
496
38
840
6
481
731
843
276
314
565
388
478
246
34
421
6
752
950
456
69
33
726
221
632
719
612
122
267
722
748
277
785
387
600
246
610
894
464
484
760
38
127
432
722
325
675
59
624
361
979
394
15
321
804
59
304
873
901
650
13
172
510
426
36
753
875
677
593
966
184
150
425
707
839
278
598
344
696
738
799
459
89
250
527
383
108
575
956
772
580
822
96
819
870
819
139
819
193
1000
379
295
393
902
321
576
736
187
459
425
919
241
579
933
608
299
614
860
267
825
385
0
557
586
988
983
79
661
215
963
533
150
622
195
778
416
311
43
389
220
320
930
59
496
434
549
755
107
638
522
612
695
102
115
957
8
297
364
49
572
872
178
81
709
867
278
139
238
428
380
753
393
456
247
332
19
908
878
577
487
781
550
311
619
862
266
596
748
469
458
35
545
875
176
138
542
887
111
830
359
0
61
145
516
942
987
668
660
281
451
751
333
970
343
588
398
268
833
55
653
517
172
987
540
802
623
646
700
630
452
776
763
641
676
283
285
386
564
923
104
815
209
647
931
283
7
345
21
852
146
483
707
38
635
221
100
377
358
63
336
735
910
788
577
88
781
527
492
986
330
79
58
727
946
675
10
112
293
958
861
297
84
903
355
667
907
175
154
540
537
770
111
310
721
232
675
380
112
338
8
56
439
434
837
243
86
200
355
890
848
319
85
745
213
273
533
344
181
340
30
227
729
16
276
216
53
418
872
925
828
66
132
864
429
486
839
550
480
619
843
465
993
917
587
302
186
561
31
104
217
209
719
376
161
228
29
528
879
622
828
615
818
102
307
11
862
513
994
475
294
761
902
457
576
762
982
786
661
88
451
527
406
620
558
465
476
760
249
457
713
545
634
989
612
505
267
767
346
639
911
100
577
208
781
533
641
259
630
896
264
667
385
687
246
967
933
77
157
353
372
907
339
666
568
281
772
52
128
872
886
828
83
818
14
606
730
468
674
760
797
786
820
5
645
508
685
329
455
570
918
260
501
54
37
360
733
337
674
227
285
893
898
137
301
887
348
997
226
75
528
442
622
836
465
86
35
355
875
230
593
934
469
582
405
269
46
236
945
17
499
366
915
231
814
528
604
693
697
453
287
333
345
225
340
203
341
417
910
240
154
421
706
752
973
787
506
131
255
27
201
217
929
532
157
622
25
266
436
236
414
17
409
3
322
950
571
69
105
955
522
9
620
510
700
841
114
87
357
867
907
592
300
270
860
858
482
84
400
440
835
415
480
322
331
397
855
247
597
200
611
535
464
259
917
749
12
273
293
344
235
569
714
617
634
700
191
114
31
958
729
159
788
194
309
416
389
326
832
909
86
812
952
647
671
448
628
544
101
477
720
916
974
814
76
647
865
448
592
251
469
713
917
279
302
238
348
714
399
673
833
171
315
369
900
339
301
398
561
321
104
224
209
715
419
279
240
344
531
399
472
321
249
736
201
637
716
191
634
31
978
729
149
788
195
600
891
185
649
937
631
298
979
903
78
576
524
699
474
114
546
723
107
120
359
210
848
533
824
110
132
10
429
439
42
243
945
894
581
594
470
184
405
31
408
948
559
499
689
254
627
383
776
338
311
398
744
556
679
476
797
249
495
530
913
181
814
936
1
497
657
840
174
993
711
806
973
134
506
192
767
22
786
366
494
743
842
459
993
844
294
993
390
509
557
36
988
944
802
69
646
726
173
120
711
521
672
620
171
465
426
547
327
107
224
522
528
108
472
10
34
876
432
487
755
400
638
558
777
106
492
209
842
21
599
3
611
950
614
581
102
470
208
760
718
786
791
821
821
133
307
539
563
180
261
936
859
583
482
608
550
701
688
681
286
796
239
820
892
606
82
98
440
445
836
41
315
732
233
975
714
17
279
73
856
524
143
474
26
335
2
737
219
125
532
356
984
848
802
824
93
818
866
133
829
886
132
997
27
656
948
280
69
386
864
923
80
66
526
864
474
486
847
38
481
221
38
930
221
70
719
525
122
257
356
384
230
45
715
874
161
999
29
587
948
983
158
78
372
727
851
675
995
171
144
369
942
851
298
483
234
765
935
127
582
356
608
742
102
784
720
643
462
795
250
495
201
842
378
993
850
656
142
686
887
796
648
601
449
697
544
169
619
426
977
924
504
153
402
884
245
830
19
607
878
610
316
701
863
681
313
170
900
199
64
891
955
484
297
912
860
152
84
884
14
83
730
440
276
415
387
756
557
968
775
588
91
983
724
291
974
48
289
5
747
365
273
906
238
14
17
72
515
353
694
573
627
772
979
128
803
192
93
928
15
582
876
608
650
102
794
720
642
675
448
454
544
32
688
6
798
877
89
81
354
952
230
671
422
450
326
406
736
757
125
677
356
966
230
77
16
727
515
462
256
332
749
737
458
166
919
29
67
948
955
158
68
372
726
62
120
735
868
121
139
722
940
277
810
53
305
872
901
593
667
611
281
976
345
590
852
186
483
708
400
278
46
856
732
655
463
684
545
170
107
369
871
229
592
528
981
693
661
286
174
239
881
17
136
216
193
719
416
161
240
29
531
436
984
325
505
736
914
971
501
801
915
605
579
185
269
937
567
583
261
187
896
937
13
810
21
490
658
401
792
408
130
834
886
653
830
449
306
406
901
835
813
315
135
562
539
990
692
290
453
390
763
557
127
177
356
542
907
692
666
627
687
101
967
957
288
580
902
781
502
492
915
842
67
140
443
193
415
205
559
929
263
7
237
147
423
536
326
258
854
384
483
832
38
598
875
782
487
129
38
374
944
741
69
678
214
171
888
711
137
672
538
966
770
662
493
792
764
6
457
508
545
548
774
989
493
79
551
524
619
986
103
148
445
195
754
205
968
417
289
752
235
275
423
238
555
935
775
157
128
537
374
770
904
640
503
448
37
251
432
932
325
669
397
281
321
345
571
340
178
568
883
105
648
359
282
848
564
483
478
38
546
432
688
414
798
834
495
827
39
0
944
586
10
471
72
334
353
737
61
637
516
978
182
78
709
12
672
951
683
499
967
254
589
201
97
378
957
575
68
991
955
660
580
280
781
386
823
557
819
988
1000
290
74
861
865
825
317
607
351
610
340
614
739
701
125
964
959
589
498
268
915
55
664
360
628
60
101
434
11
552
439
177
755
936
165
8
710
147
278
430
565
42
478
220
404
719
757
460
638
250
100
713
870
122
998
447
75
836
524
315
695
745
965
167
288
939
902
810
576
647
96
118
358
869
61
80
946
213
670
718
175
791
881
131
997
539
144
985
942
802
8
93
805
527
605
257
185
347
370
911
229
812
528
1
110
807
10
491
951
39
158
363
943
849
8
142
21
940
658
497
451
37
544
363
619
394
615
247
102
382
358
393
61
44
223
519
719
987
972
591
151
698
373
169
851
540
142
623
705
103
973
523
17
183
146
709
195
123
534
521
984
695
290
798
349
820
738
133
459
27
545
948
262
10
749
72
273
353
750
907
273
65
899
352
155
230
884
381
83
740
952
272
809
750
817
636
645
612
795
614
89
976
724
149
675
707
624
278
613
750
464
970
405
663
46
174
362
426
394
753
833
787
315
309
900
350
155
738
431
166
753
198
456
205
33
716
944
161
499
427
328
327
225
736
528
166
771
427
822
554
606
476
468
761
405
457
558
250
988
713
802
122
2
9
807
218
2
930
657
7
451
293
763
235
639
202
612
535
102
110
358
444
742
415
678
409
171
834
938
598
668
469
116
846
211
652
718
631
673
101
171
358
199
230
416
528
752
110
787
444
643
242
118
531
8
693
951
453
296
544
903
477
667
916
962
579
662
699
174
452
369
32
851
363
483
231
253
934
383
582
393
187
833
543
141
623
940
977
156
803
372
816
339
645
739
173
272
369
344
62
911
434
503
926
766
303
786
391
5
758
295
787
861
131
143
539
193
180
379
371
740
339
166
56
368
735
392
121
247
447
382
324
575
854
105
142
444
193
41
416
220
240
20
894
878
82
487
867
38
317
944
745
296
124
234
868
892
486
82
38
440
432
754
837
677
827
624
0
979
508
149
914
24
12
879
510
138
329
26
737
514
678
987
112
660
357
686
61
284
735
564
788
616
821
465
645
334
960
908
662
812
792
647
642
795
960
495
150
842
373
87
62
213
223
888
930
319
496
388
549
758
107
638
444
265
41
385
519
320
182
342
883
853
83
142
213
940
718
156
791
884
821
136
819
538
819
180
488
371
764
62
639
735
777
162
311
368
389
229
758
203
638
417
978
413
590
756
983
787
661
131
174
192
369
22
851
366
483
231
843
203
993
929
20
582
22
608
658
267
451
55
251
222
383
207
850
378
312
393
863
410
994
322
656
397
792
44
6
433
508
552
255
689
713
168
161
540
29
623
729
266
276
236
387
714
45
972
433
289
414
902
921
64
665
525
687
257
284
566
898
104
667
10
793
951
89
581
212
187
533
425
984
924
148
66
24
864
436
80
40
867
433
651
243
282
531
239
110
529
209
110
931
359
811
230
305
934
389
582
411
608
756
267
456
858
545
655
107
282
359
239
61
202
361
378
743
338
678
341
797
56
6
516
74
256
865
859
486
994
550
509
774
402
128
757
886
787
595
821
981
1000
15
19
73
658
12
174
730
28
674
729
454
674
918
454
664
763
793
676
308
171
744
881
970
830
17
644
658
685
451
113
333
958
908
9
503
659
37
174
518
199
768
717
128
122
192
9
891
439
319
243
900
531
155
693
943
168
8
199
510
928
548
669
688
793
286
820
239
819
714
307
161
862
541
596
692
981
453
504
918
255
501
18
328
949
855
499
597
254
611
530
464
259
35
384
363
246
849
933
85
582
213
269
21
346
216
911
20
65
216
864
207
486
890
331
831
58
607
946
697
158
681
537
113
623
357
615
907
614
300
267
860
858
596
825
782
95
311
866
350
317
852
745
312
785
562
821
616
488
977
764
78
969
442
506
927
36
500
518
37
475
875
546
593
989
782
16
311
804
232
605
423
468
925
248
815
530
817
181
819
371
606
574
610
479
779
34
311
221
862
377
313
63
351
361
226
337
528
398
984
44
660
7
686
0
625
0
101
512
11
621
730
615
633
779
978
3
291
74
48
353
872
61
593
735
611
276
614
565
464
691
547
453
989
918
148
12
24
805
367
491
572
551
178
107
936
444
298
836
860
480
825
400
95
323
441
224
324
203
397
417
922
240
153
894
884
137
83
705
526
635
257
100
347
358
57
907
873
577
999
269
587
897
268
301
567
746
179
970
709
17
672
22
112
73
211
442
931
242
669
933
793
299
601
561
980
179
291
709
902
635
576
703
187
452
543
251
692
530
627
693
776
286
129
751
886
970
318
506
745
36
458
944
844
499
481
403
253
558
530
177
110
709
522
461
257
844
896
140
813
705
490
160
252
427
420
839
240
827
933
644
299
630
49
979
872
149
999
430
144
554
430
775
42
493
220
401
377
408
228
244
16
894
3
484
731
253
463
201
332
535
343
693
227
965
381
18
575
585
991
983
290
291
902
747
155
785
943
131
298
374
561
851
773
597
4
270
145
346
430
911
42
503
945
840
581
599
470
184
547
882
774
595
91
782
527
129
108
539
359
692
336
627
739
467
166
547
198
477
928
761
299
457
561
919
261
579
896
982
576
78
470
865
35
829
518
607
621
98
266
208
385
888
45
594
874
184
487
31
400
514
323
475
59
249
946
530
10
110
659
209
117
931
357
299
230
234
528
714
693
673
798
171
308
711
232
790
380
88
740
866
784
829
821
644
1000
960
807
507
491
914
551
152
477
194
847
534
652
622
449
465
32
248
221
713
719
634
972
612
506
102
36
445
6
41
365
7
337
365
227
337
381
910
905
300
666
903
687
64
625
214
776
206
492
23
842
3
993
877
20
593
292
981
560
803
616
93
977
724
15
163
658
880
280
485
751
400
970
323
506
736
329
784
58
5
873
807
828
134
306
27
862
729
994
463
294
762
349
127
57
356
516
230
109
422
444
925
41
500
945
549
499
262
254
566
420
691
838
115
141
8
375
513
741
182
971
542
506
623
841
778
314
3
388
508
832
841
480
87
331
440
570
553
690
689
627
115
264
357
897
742
155
272
706
565
672
478
171
404
711
245
461
200
919
535
501
181
254
197
383
891
575
996
260
587
749
471
167
547
939
989
8
16
293
585
560
983
261
661
237
280
935
564
70
261
443
859
553
994
618
20
778
658
129
792
429
601
753
271
275
346
344
340
399
398
44
556
732
775
674
91
966
724
288
675
747
454
636
333
100
855
523
654
257
961
54
18
360
658
572
117
772
869
310
80
901
14
813
364
647
572
795
991
642
591
960
471
18
405
146
558
195
106
416
359
43
395
945
922
581
578
699
608
452
267
406
55
245
5
200
950
204
69
23
726
216
632
719
466
791
917
821
152
1000
943
508
71
914
13
152
439
537
755
985
638
591
265
97
236
208
202
21
716
437
279
755
565
165
990
198
148
717
24
791
514
821
182
645
371
795
574
601
991
783
290
311
902
744
576
679
470
797
248
642
201
685
890
967
594
662
270
686
385
113
45
520
220
986
889
505
831
329
607
908
185
154
31
372
436
574
40
772
732
91
674
15
171
1
199
219
379
930
575
157
772
537
310
111
350
444
569
41
479
362
916
572
501
479
766
249
164
713
541
460
180
919
709
501
160
915
541
664
258
175
384
426
320
42
736
7
125
731
959
633
9
265
584
385
609
758
976
165
78
880
954
485
671
38
175
944
711
10
461
147
250
195
201
891
204
137
929
428
157
554
25
263
2
896
512
502
768
37
91
432
953
926
809
578
490
982
764
504
676
841
683
652
170
631
711
101
160
523
541
695
180
965
197
507
534
255
181
18
371
515
62
621
946
465
296
405
561
757
261
638
237
265
17
346
949
569
808
991
305
660
563
280
773
898
822
155
94
431
212
753
206
126
929
9
70
951
352
670
336
116
739
446
125
927
868
11
592
805
469
646
248
960
713
662
791
280
643
898
795
155
89
943
212
156
533
431
693
327
965
342
288
910
390
812
758
490
126
401
868
757
592
787
611
494
614
551
779
774
311
128
744
539
458
770
545
822
688
133
115
429
357
924
907
578
65
982
726
15
675
804
112
304
869
744
80
970
867
506
651
255
119
201
211
929
533
7
181
293
709
349
278
226
238
422
714
413
122
756
959
126
68
521
13
474
951
546
670
262
687
859
796
596
308
782
51
641
5
960
219
589
719
186
161
196
427
379
753
905
968
154
17
884
511
83
767
952
274
297
750
746
970
458
663
33
792
518
6
475
807
916
304
579
744
96
273
720
53
632
5
265
731
567
276
261
238
54
202
435
890
755
137
787
193
600
379
271
393
897
247
301
531
903
622
576
615
781
701
129
287
539
345
180
340
197
398
22
247
878
421
138
413
375
47
574
362
260
743
54
125
222
447
532
754
259
677
859
171
596
369
981
392
149
321
707
571
278
617
899
778
13
602
659
783
117
3
520
19
769
658
91
280
441
898
836
155
86
25
952
729
580
121
608
868
189
651
708
961
973
507
289
329
902
908
155
812
884
305
485
389
550
246
176
712
709
673
672
966
966
800
662
491
451
842
544
314
688
50
680
5
796
0
6
731
508
633
914
100
152
445
431
415
554
322
263
59
54
361
947
849
581
995
269
294
567
560
691
990
798
591
820
698
307
681
862
625
596
702
981
452
661
333
451
570
251
178
713
936
460
156
33
431
733
554
276
988
387
660
832
280
827
386
818
557
819
106
133
956
429
297
412
903
322
64
571
13
690
513
286
694
898
453
64
406
214
835
888
653
996
119
587
723
983
163
149
198
536
928
692
70
798
13
89
1
354
950
907
69
65
955
525
580
257
269
384
236
923
423
665
925
175
303
540
561
180
773
542
91
623
866
615
998
701
144
681
373
682
904
967
65
662
352
174
395
426
410
554
756
476
456
847
762
826
274
644
387
118
45
958
433
297
40
234
945
714
670
972
450
506
32
402
733
757
788
968
5
76
74
442
12
415
1
409
219
322
930
571
70
690
525
115
108
958
522
68
695
13
453
218
251
532
420
259