166
161
229
129
164
30
172
38
21
158
93
31
62
97
214
112
89
9
0
20
48
106
167
143
184
153
251
137
213
78
179
81
231
196
26
65
26
15
11
253
151
107
19
127
67
23
17
209
173
215
106
130
57
3
128
230
20
0
51
70
194
34
215
210
57
223
112
66
39
42
123
174
147
86
4
45
45
49
135
60
43
106
39
171
117
223
212
193
177
188
18
119
13
31
98
42
154
244
243
125
187
237
153
239
193
103
215
237
202
161
113
94
38
207
4
197
194
177
138
154
104
142
122
225
154
27
167
37
244
111
248
172
81
21
33
47
140
71
95
171
158
142
198
103
228
8
158
35
80
85
64
71
6
42
123
49
54
24
177
48
209
118
48
209
217
55
79
72
101
163
72
144
222
30
221
239
100
237
250
123
41
40
174
52
53
183
218
29
122
63
184
90
185
137
13
184
241
122
245
199
127
6
199
240
2
213
170
10
181
125
156
68
92
135
205
30
240
183
189
57
226
107
248
191
120
200
4
119
46
135
44
31
43
100
203
48
175
140
35
109
98
75
124
14
22
208
80
128
218
208
14
92
239
7
36
171
249
64
24
84
139
55
207
30
74
189
172
141
139
19
209
164
152
49
156
162
193
77
131
178
226
248
226
105
35
184
14
40
100
155
107
213
66
11
79
28
61
202
141
204
234
9
200
95
91
232
116
249
220
17
60
49
4
176
86
247
90
81
143
27
228
254
175
201
207
20
119
151
201
90
117
160
181
14
234
94
14
166
245
32
8
27
38
244
69
39
187
36
98
136
233
235
224
25
121
88
32
81
64
21
144
44
83
17
222
7
130
237
247
113
27
28
251
253
234
126
115
146
14
39
152
21
130
169
26
162
222
84
196
98
28
85
183
28
220
163
236
124
176
56
95
247
196
173
164
149
55
204
105
107
66
74
0
41
138
137
28
230
39
19
114
30
174
231
152
216
247
249
100
133
171
133
16
101
54
30
96
204
134
241
252
19
6
201
148
248
49
12
198
180
57
32
206
45
69
11
17
196
154
52
245
72
118
52
78
65
28
65
8
104
139
27
15
90
156
167
100
163
85
247
125
154
146
239
54
203
101
26
250
205
16
71
39
120
40
128
114
0
177
171
52
109
200
100
242
76
241
4
192
230
126
128
7
203
217
227
18
35
186
91
229
224
37
26
251
47
123
233
254
243
31
1
57
9
5
141
45
44
194
239
165
74
166
17
64
237
252
136
12
185
238
176
222
225
211
182
13
167
216
115
110
114
25
92
193
94
99
162
131
98
28
219
187
74
83
225
47
241
168
22
193
126
133
233
179
118
35
241
44
28
21
165
154
55
220
232
153
157
105
169
59
10
91
188
208
148
137
226
31
144
235
179
65
16
61
203
70
252
203
156
21
77
115
127
102
190
233
184
138
9
217
198
144
84
177
61
202
136
117
204
232
79
226
94
3
3
200
252
120
143
99
150
237
247
195
16
184
52
136
114
231
202
46
91
253
219
169
118
49
56
198
190
133
210
60
12
130
194
57
163
138
17
38
84
112
124
247
55
26
89
68
103
56
49
251
230
108
139
77
89
170
47
59
29
238
42
73
227
137
66
90
70
1
208
75
24
111
9
96
34
198
234
57
31
78
1
129
121
89
179
156
203
209
150
167
145
146
248
16
135
129
217
68
167
43
61
17
147
37
219
138
38
208
48
63
156
119
28
219
23
146
28
84
151
220
173
89
63
239
164
246
54
202
233
190
94
227
25
78
109
245
26
177
29
3
186
40
62
200
119
207
50
15
155
252
129
199
88
138
12
47
241
249
51
209
163
109
108
84
175
144
148
50
74
162
71
160
5
0
161
189
30
217
159
168
62
23
195
88
58
130
192
32
76
195
119
183
50
143
125
189
101
77
65
223
10
4
201
77
244
137
255
125
17
87
67
74
93
213
139
219
172
109
35
133
17
193
129
11
187
235
159
47
108
122
34
44
213
71
227
25
66
220
13
226
16
24
71
46
116
197
164
250
40
221
114
50
15
236
130
165
214
86
68
174
237
159
174
214
103
13
107
154
145
142
154
206
45
50
116
83
214
124
80
243
130
232
59
166
121
118
7
92
255
57
196
157
44
84
14
229
47
170
83
177
199
20
253
16
55
153
216
118
82
114
71
131
144
185
206
145
54
152
176
57
196
130
36
2
49
212
250
159
228
188
0
207
106
18
204
148
225
92
109
106
140
150
40
95
117
224
190
111
153
96
209
127
180
168
17
126
175
122
172
123
215
158
179
44
13
126
69
73
22
177
191
115
43
81
105
36
112
243
183
5
143
109
49
98
112
184
62
1
61
144
250
164
157
28
210
232
65
190
111
254
80
131
146
133
141
99
209
250
51
168
83
126
79
175
227
78
1
157
23
195
3
118
237
131
246
103
71
102
71
87
34
95
170
79
37
195
76
106
59
78
122
100
121
101
83
39
221
19
29
43
19
50
224
39
197
213
225
0
86
8
164
170
51
177
154
251
24
36
206
105
196
202
169
83
171
51
150
151
57
167
177
205
124
142
211
22
238
27
164
185
222
128
183
182
142
167
119
210
130
177
228
36
71
246
57
246
132
47
0
168
175
20
130
111
63
222
205
170
4
174
42
56
44
166
45
96
204
88
37
179
101
247
85
37
238
12
104
92
207
157
240
107
159
167
169
226
154
122
148
170
46
222
92
216
6
231
19
232
1
21
89
100
98
136
138
231
77
15
238
39
85
188
162
95
129
234
96
165
214
233
69
158
196
212
216
233
19
119
12
109
99
155
12
236
149
185
96
33
188
4
178
41
245
59
245
73
211
16
159
135
119
56
48
41
101
206
62
137
93
125
182
71
84
115
134
175
74
44
223
7
217
94
156
224
170
194
211
21
240
129
94
205
109
62
245
44
243
233
236
127
19
211
127
127
34
234
129
190
219
23
27
66
87
27
189
223
33
254
125
27
65
64
89
171
99
162
44
29
44
231
158
126
202
1
226
202
83
31
62
24
150
46
2
216
24
128
207
170
170
146
242
128
17
86
81
47
235
214
143
251
111
183
109
231
33
62
94
5
108
12
165
172
167
233
160
119
82
44
123
123
159
0
212
140
6
0
129
116
141
115
15
116
23
7
183
15
165
106
99
86
228
112
178
61
41
12
114
181
28
57
137
174
221
30
155
104
212
179
240
113
98
220
235
235
33
225
27
125
81
201
1
55
212
22
148
192
144
49
179
91
151
248
62
34
73
55
150
213
141
108
138
117
76
114
236
63
130
176
99
57
135
3
164
123
32
175
96
235
20
105
56
11
0
34
85
33
199
243
25
104
151
210
201
25
22
96
65
188
19
250
208
13
199
104
24
192
116
146
33
159
255
70
108
54
29
233
60
202
89
26
77
238
109
207
165
189
102
231
13
66
48
162
41
202
49
4
87
228
22
102
90
110
165
206
47
238
252
101
135
244
40
130
169
66
62
86
19
216
190
252
83
72
171
218
10
230
252
252
121
151
72
253
79
86
177
193
188
91
125
29
175
189
239
122
16
96
111
14
172
142
134
120
210
181
145
157
13
9
134
96
255
211
124
129
212
72
228
67
37
190
158
46
146
162
121
231
86
76
73
205
222
170
3
18
248
195
75
25
80
231
108
160
209
57
28
99
238
32
164
224
67
176
154
8
255
242
93
92
187
253
183
33
231
27
220
37
73
33
75
9
46
94
112
241
143
55
126
70
255
207
176
37
96
107
17
24
85
75
209
148
191
107
59
126
70
174
130
235
5
18
149
25
15
103
242
94
36
254
157
20
113
161
151
36
165
13
82
247
83
114
210
172
133
237
164
148
86
127
163
19
24
197
107
178
64
194
34
121
159
16
207
91
78
120
103
141
219
67
170
96
77
31
234
138
3
232
126
250
150
6
89
28
47
136
63
35
51
91
214
221
114
188
133
74
73
3
182
102
230
232
244
143
30
194
92
59
112
129
65
169
115
131
192
112
177
206
190
242
163
7
230
24
162
31
236
116
241
252
223
31
228
114
254
97
228
35
11
82
54
88
9
248
200
134
218
39
84
24
183
5
52
247
77
121
170
51
164
1
193
163
185
94
152
242
39
242
95
148
196
9
32
126
240
15
65
169
9
36
237
238
221
8
223
104
55
240
151
7
232
211
252
69
43
191
171
133
154
138
43
45
12
164
175
208
115
39
113
186
39
65
197
109
107
234
250
218
201
96
231
17
202
63
3
46
76
242
113
229
207
176
34
248
113
131
248
8
163
183
249
83
49
168
180
49
75
254
126
234
83
244
157
93
78
241
0
237
174
200
212
142
241
31
71
75
143
138
194
195
236
135
132
8
227
248
0
67
14
224
244
196
165
255
96
126
182
28
69
158
214
164
71
84
97
251
164
199
229
96
243
184
187
23
248
252
201
245
242
92
111
102
79
116
222
155
185
131
68
187
9
19
245
176
72
255
21
83
146
86
169
197
61
188
85
193
107
99
31
192
224
46
102
211
216
14
19
16
52
58
213
50
192
77
229
48
47
81
213
36
245
241
33
209
238
51
9
236
147
205
255
184
23
16
107
197
155
54
72
67
49
252
121
129
223
98
2
69
196
2
56
37
185
250
28
6
251
52
215
88
254
184
51
76
65
123
117
152
111
184
195
34
28
240
111
215
241
147
224
234
235
8
21
198
204
203
215
67
161
224
141
126
52
137
189
20
140
239
124
62
103
0
102
43
79
109
58
50
249
42
106
119
179
142
249
30
29
173
102
19
183
247
138
122
153
88
126
112
1
247
194
173
15
203
127
69
149
81
73
232
99
109
33
104
2
246
195
252
174
149
116
57
235
255
67
101
106
168
225
191
52
95
5
236
109
126
200
26
231
156
170
131
161
78
19
222
99
221
27
188
163
54
105
237
217
120
52
41
229
202
184
178
232
214
88
217
164
194
239
67
42
134
86
80
194
209
189
23
200
92
30
58
149
255
97
111
254
246
143
170
128
148
52
207
158
16
137
195
59
170
242
177
122
175
118
150
70
223
153
169
79
207
196
19
229
22
197
66
153
191
182
99
194
172
11
173
32
93
181
112
255
95
213
3
250
49
236
198
178
255
50
249
2
212
209
126
215
150
59
168
237
223
91
148
254
108
156
184
193
103
151
19
39
99
100
218
212
36
52
252
4
123
178
134
85
203
34
211
188
105
243
111
107
43
155
85
214
187
218
119
136
32
21
56
76
10
255
206
144
42
34
153
50
1
169
233
185
102
221
134
218
252
215
99
73
3
47
86
186
3
56
200
205
171
239
90
55
23
199
255
187
68
132
244
115
146
158
20
23
3
34
78
27
36
225
224
6
212
19
52
220
86
166
180
247
73
235
211
174
229
127
209
8
129
79
224
120
137
245
185
111
6
159
49
99
130
8
214
170
158
126
49
3
156
115
220
208
159
64
20
11
109
191
133
50
74
27
147
240
0
191
144
49
120
2
36
252
1
44
89
126
29
72
95
45
4
99
96
77
117
107
113
146
116
227
55
42
194
240
90
99
1
112
61
141
105
71
46
80
188
224
121
162
169
157
75
69
102
248
33
198
174
169
75
68
74
188
134
195
17
56
21
162
240
69
42
159
112
77
96
249
144
148
137
12
95
6
188
93
71
94
158
45
108
90
19
198
27
210
187
188
147
236
53
6
233
44
81
246
83
170
224
146
90
119
73
111
61
196
24
180
161
24
239
44
113
127
254
233
71
245
124
226
59
68
213
90
112
51
143
221
81
71
152
28
1
57
253
131
35
182
232
81
213
31
163
77
211
199
202
251
0
125
101
143
207
20
86
72
30
126
213
146
87
243
44
246
137
68
59
129
12
130
131
162
209
249
123
39
18
242
233
227
241
130
242
164
93
196
226
203
187
107
163
111
214
113
214
190
42
130
98
227
103
15
124
206
98
192
68
178
83
64
63
213
29
199
136
98
188
124
178
114
230
51
174
58
244
242
178
136
215
141
55
63
166
59
195
121
236
170
205
248
146
125
109
55
228
36
164
123
73
76
210
182
182
116
10
135
138
237
25
120
39
196
152
151
109
61
246
175
41
13
192
166
100
139
176
186
215
122
228
49
203
3
67
132
1
80
199
251
45
181
254
49
163
142
106
207
162
109
169
198
33
208
231
89
115
80
16
116
114
153
7
171
59
154
85
173
29
195
70
64
246
238
56
125
83
255
16
247
203
71
211
199
94
237
240
71
170
155
51
181
192
148
106
103
209
142
20
155
35
86
168
255
255
201
5
166
140
102
138
7
4
70
192
151
132
231
223
149
44
31
134
70
100
73
38
66
197
72
185
14
112
183
6
163
231
113
228
57
104
65
9
124
98
186
186
94
54
38
216
240
27
24
55
13
190
124
95
88
247
217
81
12
254
98
153
185
108
94
232
220
41
148
177
194
0
12
210
230
162
59
141
139
148
195
120
236
252
170
117
184
143
103
38
168
107
100
161
183
129
9
136
200
100
134
77
248
14
119
89
64
177
142
177
68
215
130
121
201
108
180
101
197
154
189
174
182
200
26
118
149
186
13
156
50
113
167
26
141
93
206
249
35
95
232
97
134
162
17
146
30
181
62
79
95
208
110
208
162
97
38
189
66
191
78
132
18
111
18
140
205
240
45
122
216
4
245
107
249
208
23
81
245
26
99
162
28
14
63
234
56
87
17
139
73
115
232
230
50
145
233
26
168
11
216
108
166
125
28
72
68
247
115
57
95
127
250
8
57
181
176
242
162
163
245
29
223
58
189
69
68
16
226
99
141
29
167
1
168
14
45
8
161
142
195
8
109
37
51
130
165
148
155
130
119
178
101
12
138
40
109
44
172
223
148
3
87
193
122
5
220
60
153
183
106
44
29
72
74
246
139
154
184
177
35
194
189
233
157
227
149
134
199
166
90
241
212
201
145
88
18
54
231
172
162
203
26
49
202
162
55
16
251
40
98
246
39
29
131
207
103
233
179
32
113
81
102
142
10
47
177
201
237
70
111
244
5
18
255
139
102
31
159
42
200
96
96
174
248
48
156
145
157
44
104
73
216
162
166
200
162
52
59
165
208
146
61
75
104
222
169
146
9
80
133
30
146
48
11
39
161
76
190
33
193
145
250
197
165
117
103
185
77
70
156
53
181
85
241
87
146
87
155
171
1
159
53
27
152
101
65
51
193
177
77
66
163
31
167
162
251
104
140
98
171
255
218
227
62
72
161
119
136
152
162
101
249
240
152
17
187
129
222
71
201
226
51
98
247
202
109
253
224
68
84
55
243
107
80
98
119
43
187
80
191
9
30
149
215
14
6
243
210
141
121
61
107
61
216
205
212
39
135
35
250
60
138
24
51
203
198
82
217
17
103
141
178
161
24
90
48
241
125
232
185
25
243
87
78
83
203
33
217
57
62
187
253
29
116
55
251
254
6
201
195
188
100
152
125
23
228
237
57
39
4
61
48
166
65
123
67
71
16
218
157
6
35
163
53
118
215
171
70
225
208
70
174
102
125
200
138
129
61
99
81
179
123
97
98
228
126
167
17
147
77
222
2
35
19
230
219
130
110
127
33
154
120
142
110
194
246
136
141
113
130
222
208
200
56
12
190
192
174
220
140
53
64
200
89
137
170
234
167
248
190
79
138
123
14
144
27
239
18
71
249
235
169
191
57
192
178
6
104
45
9
181
190
0
253
16
86
39
13
234
96
110
217
63
193
249
179
126
185
200
70
23
166
212
147
76
239
167
86
184
125
207
215
201
213
112
246
140
24
57
242
42
33
154
222
49
214
159
19
187
163
168
184
140
31
192
7
154
130
168
239
74
70
195
125
159
60
44
108
95
111
42
132
90
207
98
145
160
57
134
30
138
89
188
239
43
80
197
124
89
227
94
212
128
228
183
84
187
63
199
235
97
164
236
158
117
118
206
141
142
40
192
38
238
190
153
169
114
220
11
1
174
183
95
252
80
198
44
253
105
56
193
3
221
141
75
68
239
244
152
18
115
177
55
239
254
179
187
62
248
250
176
67
228
1
120
53
217
141
190
125
231
196
49
26
119
39
0
151
12
219
137
205
165
156
146
57
103
229
88
219
236
109
168
57
87
111
218
234
10
107
10
154
117
48
197
112
184
97
86
82
248
252
189
196
175
120
168
230
121
16
179
77
70
151
238
20
179
100
111
140
193
148
88
33
135
69
171
157
131
114
120
6
248
169
177
79
93
30
30
187
157
188
117
38
124
197
217
132
155
78
116
27
60
198
135
111
196
111
67
170
63
186
78
217
170
78
78
225
116
147
23
13
50
18
95
177
209
166
145
122
188
120
136
78
34
198
110
18
215
250
193
18
127
126
164
144
71
135
85
179
240
244
181
185
165
130
221
180
61
80
61
236
36
137
235
82
51
207
152
110
197
92
142
0
246
71
108
113
209
180
52
162
164
217
85
206
19
105
47
60
207
33
91
83
162
245
121
235
212
103
184
243
162
219
166
145
75
14
124
83
101
112
199
75
221
223
153
122
48
126
171
115
105
170
25
169
178
59
56
226
40
9
62
141
155
146
163
28
181
57
57
191
0
70
182
202
197
201
151
77
160
162
127
170
39
49
196
237
1
225
251
24
132
121
118
157
28
146
38
196
60
163
192
189
4
170
147
198
64
73
122
172
238
155
239
201
200
81
237
167
113
93
9
144
179
148
252
187
136
4
120
9
25
230
107
194
132
77
49
235
130
213
188
55
49
21
225
119
234
237
236
236
164
235
165
61
26
7
125
134
215
168
173
235
123
233
133
231
185
57
189
135
125
237
82
43
242
238
27
133
210
40
209
102
135
226
108
116
69
197
5
36
37
164
22
208
4
136
72
65
74
40
147
169
47
247
5
121
14
3
140
128
146
137
248
210
220
87
133
54
87
52
210
168
57
29
79
164
104
156
21
11
208
226
0
48
121
211
143
133
183
175
180
202
206
62
232
108
54
74
34
205
190
144
84
11
71
136
186
115
23
4
8
91
14
176
189
101
71
160
159
79
160
155
232
140
129
214
249
215
136
201
205
86
16
49
244
228
192
211
250
12
41
249
109
162
162
144
199
36
255
251
187
100
194
237
63
204
1
8
150
224
9
212
73
124
94
235
106
147
76
10
215
36
236
105
226
170
90
200
67
212
179
29
215
57
135
4
239
115
68
145
194
88
179
254
169
39
242
29
114
127
224
209
172
209
38
66
178
196
237
61
113
87
73
24
60
70
143
33
82
19
16
193
216
215
244
91
164
229
154
237
64
3
206
133
52
246
23
2
198
131
123
183
159
203
18
102
101
245
123
71
149
99
41
234
78
53
31
250
228
97
143
21
169
70
96
17
115
219
122
46
189
169
78
189
223
74
52
252
211
245
251
194
172
22
50
123
51
183
214
207
250
140
255
99
229
171
183
215
179
95
215
86
89
215
151
32
48
251
29
176
232
56
146
248
47
9
223
85
148
87
227
35
46
40
244
176
183
158
54
222
152
226
185
107
238
211
198
200
41
25
41
82
20
90
226
215
201
48
188
116
125
102
167
73
128
15
184
64
175
78
0
165
80
89
24
39
244
200
127
69
116
130
12
145
215
245
51
140
69
200
59
135
19
100
244
138
209
84
156
139
16
0
189
185
142
43
146
207
61
202
143
114
107
162
18
181
50
44
201
78
204
255
194
0
202
67
140
198
254
247
236
119
129
163
32
97
24
124
152
203
106
203
14
87
8
119
223
58
152
104
131
165
126
163
85
202
255
91
196
147
88
112
149
52
71
189
99
141
93
212
9
31
117
64
199
224
17
104
194
103
197
168
163
51
224
181
119
142
167
75
64
30
121
70
241
207
75
2
36
192
148
156
187
81
121
247
13
234
40
91
2
63
255
246
224
207
108
16
195
143
178
85
103
181
101
155
69
47
171
252
23
90
90
253
85
67
15
129
175
237
228
193
71
56
214
45
78
89
2
220
245
76
45
41
185
84
192
255
234
68
53
14
60
245
151
83
149
215
147
162
206
23
101
24
187
50
15
42
2
116
50
38
14
152
179
105
165
8
205
50
143
50
239
51
137
111
88
183
62
129
205
252
93
123
121
205
130
169
106
194
80
94
172
249
97
17
214
71
59
94
107
44
44
188
212
74
217
191
126
253
102
140
91
230
71
88
98
16
142
220
250
243
131
243
52
217
182
95
155
196
210
234
146
81
66
115
66
180
112
157
16
16
90
44
208
86
24
34
85
236
116
103
58
250
193
186
216
175
2
90
66
255
113
37
127
84
224
16
255
165
112
127
158
80
12
138
235
214
196
134
212
196
36
201
115
84
37
135
220
185
38
50
236
162
96
69
28
88
160
183
243
79
217
217
251
48
20
95
61
166
4
124
82
92
99
210
233
83
59
219
161
198
125
71
46
145
66
191
160
210
38
134
197
37
121
34
58
197
178
140
132
201
123
6
11
189
141
103
177
58
50
31
103
75
146
210
30
144
84
227
187
157
209
2
22
143
175
139
69
244
13
81
97
203
116
234
245
115
173
214
235
245
245
3
178
250
184
25
125
42
250
126
115
150
209
134
67
200
149
134
254
26
50
239
114
30
77
78
93
147
138
56
181
117
251
100
223
182
48
220
59
99
195
239
182
211
155
44
5
15
147
144
207
0
220
114
20
69
166
92
142
12
219
96
194
48
34
249
40
57
3
16
139
200
186
236
167
236
182
156
5
181
228
102
238
186
103
235
136
248
150
179
106
73
252
130
123
121
221
181
56
152
98
158
112
98
2
83
250
51
9
250
202
224
44
226
144
231
233
126
213
193
84
17
45
212
60
100
237
70
123
39
124
162
214
58
79
51
228
203
226
221
191
84
48
76
38
170
65
23
65
25
120
167
116
212
241
130
212
126
208
203
93
169
225
184
89
114
113
118
146
82
179
180
248
38
237
87
40
112
83
200
203
17
1
197
111
16
225
54
60
35
201
39
182
81
1
225
185
96
162
16
135
24
218
15
244
196
242
224
230
243
41
17
93
253
189
133
65
251
233
215
254
151
202
94
179
148
1
62
14
228
237
17
186
188
253
109
103
238
228
80
200
99
78
157
25
120
159
87
228
113
46
74
175
31
250
112
75
245
136
165
49
213
46
36
26
193
222
95
110
184
121
244
240
14
8
186
253
90
42
247
91
172
176
175
234
165
64
195
216
232
192
38
233
138
162
120
120
163
151
166
37
51
43
74
6
215
11
29
77
128
210
76
251
250
20
93
128
218
50
254
183
143
121
105
208
83
87
209
184
68
181
98
207
190
97
146
94
91
242
117
204
20
94
127
51
191
99
247
0
135
165
158
249
249
33
67
234
154
226
191
196
162
2
76
93
122
96
113
187
140
190
96
109
79
234
20
86
98
111
50
60
200
189
151
44
170
39
221
42
24
0
233
149
69
40
219
251
72
39
127
198
174
164
252
58
53
122
49
170
251
110
173
68
128
100
44
157
60
195
148
188
136
245
54
204
63
230
180
101
167
242
146
68
118
242
75
111
167
178
145
227
169
38
119
239
177
91
241
52
107
82
183
171
90
116
142
183
92
107
16
66
163
123
168
130
167
181
64
25
131
167
53
114
156
94
239
11
248
124
73
198
186
208
198
70
160
5
172
21
170
51
48
2
77
75
92
158
35
73
186
132
74
226
17
181
173
208
11
101
184
126
70
167
241
17
76
242
213
15
137
127
75
19
108
54
80
86
145
224
123
27
69
92
82
106
10
232
226
195
22
122
119
172
177
202
45
227
21
19
10
13
218
47
167
248
147
68
123
200
192
40
133
69
191
194
143
31
223
255
168
192
108
241
95
197
18
195
114
22
108
213
132
82
92
219
179
166
25
202
148
79
172
247
1
178
162
113
254
175
66
59
178
223
114
25
27
130
31
228
115
42
102
141
138
57
6
87
100
135
219
70
48
4
242
3
214
65
156
5
173
238
233
164
235
4
34
202
29
123
44
122
167
98
50
195
3
186
208
19
165
181
32
8
169
193
91
158
194
105
67
179
1
185
228
27
106
102
24
70
159
106
203
172
33
97
166
86
23
65
204
118
78
227
168
81
185
155
51
60
19
35
191
5
225
143
121
97
59
230
50
20
32
189
166
250
85
214
27
191
247
74
21
157
247
173
110
176
213
91
125
176
184
229
191
113
65
163
224
118
182
40
174
31
50
36
62
73
249
49
211
54
249
14
52
10
31
201
242
104
172
85
166
185
44
80
188
220
4
87
2
72
22
100
136
253
11
251
251
240
149
161
109
39
171
148
120
203
116
161
51
232
146
202
59
247
79
136
181
0
20
3
48
23
122
94
54
207
186
147
234
170
249
154
244
140
39
78
99
72
231
72
55
211
63
250
39
251
90
147
119
39
67
79
58
142
73
154
147
113
120
143
142
200
83
9
1
49
171
63
128
189
192
84
248
208
229
229
115
2
202
1
57
146
56
14
136
154
233
247
43
79
174
232
62
66
12
57
144
114
29
186
116
88
207
147
149
113
49
60
199
127
42
16
99
152
30
120
6
0
172
93
219
131
9
56
31
142
66
10
164
212
169
22
78
202
137
188
213
237
166
195
133
144
9
169
72
161
91
180
40
164
80
81
103
9
159
19
236
172
132
236
23
177
125
25
31
91
132
71
145
150
238
229
10
148
1
173
57
113
82
64
190
41
39
28
155
234
103
247
237
136
23
248
89
105
57
27
246
234
153
188
219
224
247
224
58
152
126
25
115
97
117
91
239
136
35
197
61
228
64
11
53
179
53
210
3
64
7
176
216
204
187
159
153
122
19
221
31
212
17
4
252
54
36
161
158
77
47
210
240
2
74
87
145
175
145
207
35
105
197
25
125
198
238
0
228
152
26
178
200
223
19
200
242
134
19
186
184
227
34
97
136
247
68
151
231
29
68
237
71
144
240
191
155
13
165
140
72
102
134
63
255
50
98
194
234
186
25
72
72
43
112
124
1
237
252
133
107
34
148
186
119
71
30
204
87
160
189
197
99
46
0
78
4
19
252
236
75
173
214
250
32
76
248
82
248
254
100
241
21
179
131
137
152
39
113
240
177
153
61
140
206
128
17
245
60
72
189
215
252
214
121
249
188
65
33
31
53
39
106
82
172
208
83
33
115
18
21
245
84
150
151
79
10
161
219
131
49
199
111
87
126
159
167
95
111
218
85
252
106
72
55
67
136
251
111
244
159
206
68
153
244
27
92
70
61
175
64
210
167
62
183
8
158
61
75
163
219
240
24
159
162
223
150
143
91
179
122
213
125
40
241
172
72
180
185
114
42
229
111
50
43
70
88
192
149
202
178
138
34
250
151
168
153
78
177
221
140
243
168
199
184
52
95
145
43
31
20
244
218
175
205
129
189
66
22
164
252
198
109
142
72
194
37
186
5
43
92
116
113
60
73
36
231
73
118
36
87
104
54
128
103
31
102
53
200
75
13
207
201
195
226
235
253
223
76
7
212
170
125
211
3
40
104
115
83
61
44
98
177
22
158
75
5
38
91
177
176
79
5
32
174
180
63
238
169
42
26
228
199
156
29
62
165
111
227
82
67
68
26
148
232
141
48
116
174
248
254
117
22
207
55
32
63
9
41
45
115
216
28
181
191
41
32
189
243
158
176
164
89
212
141
46
147
130
18
149
147
92
18
97
187
226
94
250
233
142
38
176
159
153
129
117
62
228
173
183
182
241
28
9
199
228
50
38
247
9
165
205
78
192
53
98
3
82
45
189
163
18
173
64
40
54
171
193
216
131
15
73
167
94
18
244
28
195
142
244
168
1
120
80
219
70
245
192
56
136
32
249
208
98
233
226
63
220
229
124
87
65
47
183
209
192
50
176
159
253
166
237
94
209
126
19
152
163
46
39
176
173
223
48
94
211
117
89
207
69
105
224
91
3
72
251
237
135
162
102
254
214
247
117
65
248
136
162
142
207
123
71
36
225
83
221
96
158
55
73
173
224
120
118
81
68
149
122
83
38
114
146
244
101
54
7
48
135
189
246
125
232
235
22
122
38
213
233
89
232
183
29
67
159
4
153
171
223
134
59
151
10
103
117
9
232
219
103
187
103
179
29
119
86
72
210
41
192
131
156
201
160
235
66
182
102
172
173
5
172
220
71
234
207
202
247
158
53
55
59
147
248
121
107
152
171
36
211
190
165
117
20
75
111
51
120
239
133
114
120
155
105
49
213
241
71
245
46
115
49
46
248
136
39
164
109
164
130
3
121
137
23
150
227
75
177
250
109
74
100
223
196
124
76
70
39
116
157
46
159
40
19
252
129
141
13
239
39
21
38
45
216
73
228
140
249
252
223
62
59
80
165
252
225
207
169
21
128
99
158
172
90
12
213
121
216
98
44
69
131
145
181
84
244
20
111
14
8
179
161
1
127
174
77
196
224
1
70
121
23
66
8
120
168
66
165
0
186
237
191
171
8
26
0
240
4
111
82
69
226
85
147
144
46
43
198
63
99
104
198
13
92
112
30
90
240
200
173
22
144
58
100
48
65
21
161
195
245
182
158
29
63
227
180
133
5
218
47
174
254
163
183
198
129
161
26
69
119
10
187
65
43
26
252
254
200
30
89
90
42
171
48
115
214
37
20
80
188
236
100
184
91
217
247
36
96
7
233
161
47
238
177
39
35
10
19
111
119
102
128
202
39
51
167
236
92
57
244
77
46
211
61
192
96
216
130
88
210
16
51
186
196
120
76
220
142
23
92
112
218
32
146
213
138
220
215
51
79
123
117
177
6
240
149
237
109
241
223
75
178
121
110
207
179
39
226
91
101
156
0
75
106
101
78
223
115
21
242
139
78
2
131
211
17
17
71
84
203
181
97
181
32
189
218
92
15
136
217
27
231
227
198
93
31
203
210
226
224
229
41
43
213
80
220
77
41
76
146
161
58
61
139
8
179
49
206
59
139
231
157
227
123
69
218
211
245
9
116
43
177
239
197
25
108
35
73
148
224
169
235
180
12
191
160
6
50
48
37
201
2
9
208
200
142
44
231
88
120
97
234
157
211
238
64
252
80
73
59
46
137
121
243
162
101
5
98
90
13
243
82
99
164
129
66
241
250
85
33
215
186
79
103
154
129
166
241
93
191
111
162
64
1
86
108
24
217
192
124
217
16
241
12
223
251
212
173
69
138
27
118
165
203
198
143
107
173
118
32
141
19
122
17
15
112
59
19
253
189
7
134
9
184
97
253
242
131
213
10
164
45
78
197
159
10
42
72
185
138
92
236
59
62
247
85
232
154
217
67
230
45
107
112
216
243
197
221
171
184
38
84
228
22
90
46
173
63
168
47
110
165
202
185
156
236
226
245
212
167
245
145
206
149
200
120
213
240
128
89
0
67
198
2
166
125
201
4
203
191
184
167
0
50
221
177
102
94
125
218
75
199
230
185
172
26
93
237
167
224
21
195
201
114
172
244
15
20
187
155
108
38
63
157
198
72
202
100
137
23
13
136
91
206
11
163
103
91
151
7
192
19
86
254
193
15
168
125
121
112
18
11
252
190
223
233
38
107
67
239
182
115
248
106
198
64
222
170
95
161
99
100
93
40
186
233
42
221
231
141
151
14
163
130
202
109
122
72
198
239
32
149
121
174
151
93
112
103
228
222
131
182
74
89
101
234
131
158
243
129
81
238
73
49
126
87
33
118
99
204
223
119
184
238
57
120
175
206
176
255
182
48
120
165
26
13
195
231
57
21
208
43
130
109
82
126
188
91
241
176
246
136
13
159
124
235
177
6
40
146
97
103
42
161
160
209
53
255
143
223
17
234
240
217
76
180
158
38
84
69
32
116
234
7
25
46
172
43
93
255
217
115
234
222
95
21
234
196
181
86
85
242
172
46
133
143
103
148
180
214
1
110
83
22
153
202
143
115
9
156
143
205
60
115
1
243
178
91
71
182
89
36
9
216
13
34
40
25
181
165
52
179
255
50
98
120
4
55
205
54
139
137
94
47
242
49
136
166
203
87
157
180
206
135
96
218
85
224
171
221
161
65
154
20
75
44
178
183
5
22
187
216
186
23
11
81
205
141
158
120
58
125
125
166
165
181
23
29
172
81
176
143
224
201
6
41
91
175
165
83
170
169
169
87
107
178
201
189
148
143
169
88
35
240
173
128
232
149
134
8
238
189
205
246
189
90
15
128
87
129
209
116
78
160
179
176
247
185
224
34
74
176
70
191
209
213
191
106
216
233
40
125
86
235
30
202
248
18
52
108
35
179
148
201
100
141
173
180
146
89
1
44
142
75
83
129
213
87
187
207
145
221
145
166
62
240
244
206
7
174
212
132
177
162
192
68
70
247
167
209
168
103
11
206
168
244
192
103
55
115
236
25
155
87
228
117
169
86
149
77
254
91
82
206
95
22
4
169
157
192
84
58
251
16
62
236
236
50
140
64
165
42
51
205
238
10
29
30
134
56
48
114
162
229
35
197
245
95
111
118
169
85
134
177
77
161
34
108
213
52
182
255
193
158
203
65
29
160
223
191
247
126
71
57
23
103
19
156
60
22
155
163
92
98
250
120
86
235
68
244
147
37
144
121
230
82
1
239
192
245
153
38
66
207
80
176
105
251
191
23
191
10
248
117
155
18
28
254
132
205
83
84
110
191
0
63
239
54
149
75
168
203
162
44
63
242
156
107
201
204
218
184
48
3
19
84
26
16
63
191
108
3
126
97
49
135
156
42
151
148
240
112
115
241
6
252
38
233
158
160
3
14
183
45
35
121
132
31
100
9
108
18
139
115
211
16
146
179
41
80
32
77
10
241
57
238
203
138
26
38
208
109
154
65
37
91
17
233
72
222
60
159
143
139
161
215
222
41
64
251
171
54
200
156
74
61
132
151
151
118
252
57
127
227
203
137
218
190
14
209
93
210
213
11
217
106
137
188
57
110
74
125
130
126
89
72
218
121
50
104
159
19
108
20
72
15
222
178
171
77
90
50
156
132
96
116
25
143
208
219
168
42
113
222
233
63
61
206
195
7
115
63
133
69
7
224
158
92
99
16
74
230
223
161
131
115
88
177
93
135
253
159
99
29
128
167
85
177
79
127
154
93
21
246
126
50
170
228
195
252
120
137
190
21
78
239
60
252
117
147
118
77
180
252
7
63
61
93
163
177
139
247
162
87
229
6
65
123
31
44
45
198
45
251
195
140
0
235
240
37
42
182
79
171
238
62
31
191
205
116
229
215
18
168
2
173
21
64
91
32
182
203
162
150
176
97
32
224
44
0
55
87
42
74
92
104
131
114
70
23
188
184
83
106
226
66
183
146
195
161
108
58
62
123
190
66
201
121
234
6
120
209
61
255
87
81
61
58
115
99
184
73
123
39
83
90
25
186
107
11
224
195
92
122
170
137
163
233
95
62
224
204
61
175
65
105
197
134
62
237
50
77
141
140
231
39
245
46
215
84
167
144
174
149
29
192
161
140
206
99
241
28
240
190
3
2
115
161
18
10
11
211
76
36
138
145
165
38
177
223
188
22
99
107
251
252
226
78
181
163
250
221
180
66
171
18
132
251
142
102
108
210
131
110
176
133
108
124
217
124
252
255
63
71
73
115
231
205
164
108
238
56
135
89
182
25
95
234
93
64
26
201
223
42
187
86
144
231
192
233
215
69
17
1
82
223
234
110
58
40
239
75
130
117
218
95
142
52
246
152
48
157
211
204
117
142
157
84
168
121
93
59
22
147
148
252
162
61
39
49
241
252
53
242
198
232
151
111
233
10
70
186
245
165
91
209
229
194
73
175
177
191
7
82
179
68
0
19
208
195
27
188
45
163
171
81
23
148
180
62
115
105
177
116
105
9
78
228
109
217
30
201
252
170
231
196
139
1
119
75
254
5
0
16
40
108
182
50
159
251
204
56
185
40
14
224
173
189
114
87
105
116
107
239
60
3
116
2
108
175
135
232
119
60
94
92
199
176
199
198
133
169
205
164
214
229
100
187
11
66
200
119
52
152
90
235
187
186
36
182
68
248
146
207
43
227
202
160
230
252
67
80
34
104
87
69
47
249
187
137
246
255
147
183
16
76
181
144
1
23
28
226
58
250
232
41
130
97
133
22
202
233
145
223
77
233
23
195
21
181
166
4
237
144
40
187
127
193
3
202
63
43
129
97
103
53
95
211
54
73
116
106
36
232
232
70
238
68
167
73
168
149
113
156
86
28
69
42
63
78
149
68
120
242
43
77
119
113
120
154
99
58
108
195
75
32
133
229
154
213
64
127
104
31
76
242
36
7
132
25
89
100
196
60
151
190
220
172
40
199
66
76
149
197
1
221
207
131
84
99
37
176
66
221
240
115
69
177
61
247
189
152
93
9
124
211
130
120
99
29
190
245
179
172
8
1
175
59
69
221
199
86
235
3
19
5
91
149
41
70
217
140
149
200
248
26
114
123
75
201
141
146
241
233
81
9
101
98
176
214
0
255
143
93
183
36
72
1
224
194
49
239
104
156
114
126
236
220
145
150
61
173
75
254
2
199
237
159
163
175
11
193
64
54
226
214
217
198
98
191
157
68
223
61
71
142
51
241
86
80
69
84
53
30
60
84
225
120
135
182
36
143
26
69
29
237
246
99
206
31
18
126
157
60
253
6
242
198
49
195
44
228
50
105
20
225
188
49
122
158
216
178
76
230
201
56
58
165
57
62
157
72
195
153
176
192
152
177
207
110
144
65
238
46
45
49
64
152
66
66
121
244
182
212
109
69
100
76
99
200
119
27
37
20
25
76
57
253
4
202
62
227
215
12
34
206
156
216
61
172
250
92
226
141
5
113
122
143
240
246
248
186
201
254
62
118
155
193
183
210
63
144
254
108
86
71
188
168
42
221
81
97
5
237
91
208
116
188
153
7
90
246
129
205
42
36
91
176
97
76
115
219
230
210
88
255
46
9
24
223
103
172
120
112
207
241
191
90
147
58
111
78
67
205
175
174
35
38
135
95
54
252
68
62
224
73
39
58
173
201
205
167
9
76
119
193
30
208
174
189
110
160
57
100
173
240
84
213
134
173
29
12
116
229
189
159
7
109
40
242
216
84
247
92
241
116
193
2
175
188
128
200
82
228
233
94
203
254
146
198
32
156
16
125
133
130
26
34
225
49
46
26
78
101
189
146
17
0
186
52
194
111
121
182
17
74
232
128
31
122
153
51
149
248
58
133
154
68
3
192
229
162
21
103
31
250
3
177
132
143
249
237
1
114
101
112
207
242
254
239
231
252
13
25
183
14
145
8
226
7
154
183
115
87
105
236
64
47
55
103
172
17
84
166
161
11
215
59
86
190
255
229
173
229
2
0
87
112
253
85
174
24
144
16
149
205
229
159
90
194
112
93
12
139
146
136
54
17
145
87
132
1
41
4
57
132
186
193
116
115
151
96
131
250
220
101
236
81
101
98
120
95
74
229
171
203
234
219
102
140
141
41
183
114
74
41
114
255
7
99
6
237
40
210
67
115
87
204
160
196
107
159
72
5
168
243
175
214
177
134
252
46
248
233
197
62
32
23
213
78
236
70
120
60
9
111
10
16
208
131
209
162
153
236
230
40
134
248
4
194
239
109
82
66
129
45
0
88
95
66
160
195
63
7
197
40
213
158
110
2
77
111
12
227
40
37
36
174
21
96
55
93
37
60
210
192
90
252
230
115
166
226
232
143
195
29
112
234
35
25
132
247
211
100
198
150
252
63
247
203
33
54
190
220
54
43
97
79
71
226
201
239
95
25
220
102
30
126
233
167
111
253
157
194
66
68
5
71
4
104
77
2
72
246
236
194
163
9
34
66
224
127
16
145
61
252
22
97
80
180
52
155
101
230
109
109
137
206
57
210
213
134
188
13
73
87
91
154
3
20
14
207
29
149
130
160
186
160
8
33
112
216
64
202
248
86
73
34
67
223
148
224
227
10
56
50
2
151
228
144
210
66
161
58
200
169
59
41
56
172
49
61
68
23
10
22
61
58
194
128
107
140
245
242
217
191
125
111
167
234
182
62
230
153
220
171
161
17
89
188
47
225
82
61
103
24
150
16
231
8
49
171
80
202
188
248
215
151
145
196
145
2
108
190
143
62
138
64
147
129
179
124
140
80
168
7
205
60
44
8
52
195
157
9
188
228
168
45
26
5
227
140
137
0
235
40
69
63
246
122
88
250
184
8
180
42
90
160
6
47
5
172
224
39
173
96
95
7
93
98
47
14
0
13
43
191
126
138
129
61
148
53
212
73
168
51
22
239
91
69
47
96
32
229
231
154
48
244
43
150
165
90
197
35
208
52
198
59
230
54
206
236
71
168
158
113
195
151
110
243
12
250
218
180
153
4
95
245
99
114
202
70
129
27
229
36
82
138
207
210
249
137
101
172
205
75
254
27
72
65
178
103
35
179
55
160
23
95
88
134
198
28
173
206
190
241
39
190
185
93
156
142
123
78
175
126
132
84
174
70
187
90
54
253
98
25
87
218
94
91
86
59
104
0
191
93
26
126
52
238
3
102
120
33
251
113
243
31
162
175
32
240
181
222
249
0
60
193
6
106
225
245
148
160
181
156
208
152
130
237
170
194
229
157
138
236
227
11
95
92
183
124
103
10
164
208
232
119
137
152
211
239
19
150
179
138
168
253
245
58
87
0
221
165
65
45
126
37
157
120
225
88
90
54
118
123
141
187
206
198
154
200
236
93
126
18
91
0
67
140
229
4
192
166
186
87
135
140
113
18
99
110
248
93
174
126
106
203
40
33
200
210
176
240
188
141
245
97
111
154
207
213
247
135
108
200
158
227
211
6
146
100
60
192
188
25
222
45
112
222
102
66
65
215
91
243
115
203
111
34
70
115
139
190
145
23
176
202
14
7
29
255
232
46
228
222
216
82
241
172
61
144
106
134
238
231
245
64
229
40
140
222
33
192
224
246
26
73
184
92
10
27
249
11
217
82
184
255
28
91
68
35
65
188
105
32
254
98
65
78
161
221
35
190
75
100
82
191
102
140
37
90
163
237
124
5
188
140
233
203
142
14
141
216
3
218
158
47
100
36
18
24
169
246
135
243
175
114
154
149
18
208
90
141
71
205
192
209
169
148
248
203
185
117
240
25
45
33
103
241
29
87
180
138
91
110
135
73
180
107
57
175
248
72
17
254
173
11
160
104
211
54
254
225
120
25
159
18
190
246
172
80
50
74
49
176
104
23
83
158
111
212
58
54
167
206
135
9
190
61
206
198
84
160
161
221
166
177
90
69
105
55
111
135
60
77
176
196
94
247
243
143
21
114
221
248
216
210
117
238
40
118
231
167
86
71
193
137
175
75
3
149
138
33
56
6
100
237
18
89
233
1
11
90
127
190
99
236
128
15
5
8
5
226
255
161
164
214
229
10
194
230
21
234
17
45
50
202
57
141
133
194
215
21
102
215
30
234
78
81
24
237
239
96
105
40
29
108
170
233
152
159
82
113
140
27
239
144
117
194
138
10
240
29
214
162
241
179
76
125
188
131
229
78
61
137
74
18
83
174
208
44
231
225
206
226
3
58
179
153
71
209
207
39
115
181
23
196
228
216
169
176
217
77
170
145
232
178
244
170
196
74
186
54
237
220
86
101
118
99
178
154
13
145
80
181
92
3
152
204
219
82
122
26
135
251
176
202
52
106
223
223
14
61
154
168
28
129
6
4
16
29
38
246
153
232
189
32
122
109
83
253
207
124
19
124
21
36
184
146
222
1
156
248
238
193
216
73
211
167
145
134
179
22
207
14
142
209
104
82
210
238
37
3
141
100
80
178
174
221
23
134
226
187
85
122
205
123
128
15
127
238
191
118
243
31
59
219
202
50
43
26
221
92
44
72
171
108
106
28
107
99
152
62
234
13
220
146
107
234
171
138
143
60
136
20
235
147
43
247
133
32
30
42
164
117
64
249
59
206
173
89
6
219
228
1
133
203
93
254
210
38
202
137
122
199
18
125
83
61
210
105
10
71
18
62
149
114
38
179
156
197
215
222
115
98
94
198
95
107
210
204
48
204
174
195
120
174
147
182
2
180
166
91
218
197
247
191
30
231
149
75
193
77
243
123
155
219
10
154
252
25
76
119
85
236
83
27
169
207
107
67
253
243
131
235
228
1
164
32
234
80
240
96
66
234
174
67
127
165
35
10
19
31
205
115
17
234
222
178
147
251
133
213
245
235
118
244
65
195
250
32
164
36
150
59
95
77
164
4
133
22
176
51
192
125
42
78
35
218
73
26
179
238
252
243
218
90
0
21
139
169
202
28
186
149
220
115
158
27
139
212
197
70
170
130
114
215
151
56
197
37
180
8
216
252
132
156
56
166
8
162
213
202
123
69
31
245
124
253
125
146
141
208
84
75
9
17
47
29
29
177
12
237
208
18
23
129
149
124
138
166
229
114
3
3
246
106
120
153
184
173
103
158
47
76
131
237
198
52
81
112
210
12
59
49
205
108
135
51
94
53
3
9
11
216
131
63
152
15
149
163
32
78
13
221
97
201
116
8
237
176
136
111
226
60
236
200
144
15
164