582
20
570
590
127
717
812
496
307
803
109
912
989
868
856
723
578
300
846
113
959
71
998
36
1
37
38
43
81
124
173
265
438
703
108
779
887
665
519
183
702
853
522
374
896
269
132
369
501
838
306
143
449
560
8
568
544
111
655
734
356
57
413
470
851
320
138
426
564
990
553
542
62
604
666
237
871
107
946
52
998
17
983
968
918
885
770
622
391
981
371
319
658
977
634
610
243
821
63
852
883
734
616
349
933
281
213
462
643
72
715
755
437
191
628
819
414
232
646
846
459
272
699
939
637
543
179
722
869
558
394
920
313
232
513
713
193
906
98
3
69
40
109
117
194
311
505
816
288
71
359
398
725
122
847
969
783
751
501
219
720
939
658
564
221
785
974
726
667
360
26
386
380
766
145
879
23
902
893
762
654
383
36
419
423
810
200
9
177
186
363
517
848
332
147
447
594
8
570
578
147
725
840
532
339
871
209
47
256
271
495
766
260
994
221
214
435
649
51
668
719
386
72
426
498
924
421
344
733
44
745
789
533
289
790
78
868
946
813
726
506
199
705
872
544
415
959
341
267
608
843
418
260
678
906
583
488
38
526
564
57
589
614
202
784
954
737
690
426
83
477
560
4
532
536
35
571
574
112
686
798
483
248
731
947
645
591
235
826
28
822
850
671
488
126
614
740
353
60
413
441
854
294
115
377
460
805
264
68
332
368
668
35
671
706
344
17
361
378
739
116
855
971
793
731
523
253
744
997
740
704
411
114
525
639
131
770
901
638
506
111
617
728
312
39
319
358
645
971
615
585
199
784
983
766
716
449
164
613
745
325
37
330
367
697
31
728
727
454
180
602
750
319
36
355
359
682
40
690
730
419
116
503
619
121
708
829
504
300
804
103
907
9
884
893
776
636
379
14
393
375
768
142
878
988
865
852
716
535
250
785
2
755
725
447
171
618
789
374
130
504
602
105
707
780
454
201
655
824
478
301
747
15
730
745
442
154
596
750
345
62
375
437
812
248
27
275
302
545
815
359
173
532
673
204
877
48
893
941
833
773
573
313
854
166
19
153
172
325
465
758
190
948
137
52
157
209
334
511
845
323
167
490
625
82
675
725
399
123
490
613
102
683
785
435
219
622
809
430
238
668
906
573
478
50
496
514
9
523
500
991
490
480
938
417
354
739
60
799
859
625
451
75
494
569
62
599
629
195
792
987
746
700
445
144
589
733
321
21
310
331
609
940
548
455
971
393
363
756
86
810
864
673
536
208
712
888
599
454
20
474
462
904
365
268
601
837
405
241
646
855
500
354
822
143
965
107
39
114
121
203
324
527
819
345
131
476
607
50
625
643
235
846
80
926
5
899
872
770
609
378
987
332
286
618
904
489
360
817
144
961
104
64
136
168
304
472
744
183
927
77
3
48
19
67
86
153
239
392
599
959
557
515
39
554
561
82
643
725
335
27
362
389
751
107
826
933
758
690
447
104
519
623
141
732
873
604
444
15
427
410
837
246
82
296
346
642
988
597
584
148
732
848
547
394
941
334
274
608
882
457
306
763
36
767
803
537
339
844
182
25
175
168
311
447
726
172
898
37
903
940
810
749
558
274
800
41
809
850
658
475
132
575
675
249
924
140
31
171
202
373
543
884
426
277
671
948
586
533
86
619
705
291
964
222
153
375
528
903
398
268
666
902
535
436
939
374
312
654
934
587
520
74
562
604
165
769
934
670
571
240
779
987
765
751
483
201
652
853
504
324
796
119
883
970
852
789
608
396
3
399
402
769
170
939
76
983
26
8
34
10
44
54
66
120
186
274
428
670
97
767
864
598
429
26
423
449
872
288
127
415
542
925
434
358
792
117
877
994
838
831
636
434
69
503
572
74
614
656
237
893
97
990
86
43
97
108
205
313
486
799
284
50
302
352
622
974
595
536
98
634
732
333
32
333
365
698
30
696
726
389
114
503
585
55
608
663
238
901
138
6
112
86
198
252
418
670
87
725
812
536
315
819
133
920
20
940
928
835
762
596
357
921
277
165
442
575
16
559
543
101
644
745
388
132
520
620
139
759
866
592
457
16
441
457
866
322
187
477
632
76
676
720
395
82
445
527
940
466
405
839
211
17
196
213
409
590
967
556
522
45
567
580
146
726
840
533
340
841
148
989
136
92
196
288
484
740
191
899
89
956
12
968
980
915
894
776
669
444
80
492
540
1000
507
506
12
486
466
952
385
304
689
961
649
609
225
802
26
828
822
617
438
54
460
514
942
455
396
819
182
969
118
54
172
194
334
528
862
357
186
543
729
239
936
174
77
219
296
515
779
293
39
300
339
639
978
616
593
208
769
945
713
657
337
962
266
227
493
720
180
868
47
915
930
812
709
520
228
716
912
595
474
68
542
578
87
665
752
384
103
455
558
981
538
518
23
509
500
977
444
420
864
283
114
365
479
812
258
69
295
332
627
959
553
511
63
542
573
114
655
769
391
159
550
677
194
839
0
807
807
613
387
968
322
289
611
868
446
313
759
39
798
837
602
438
7
413
420
833
252
52
304
356
628
984
579
530
108
638
746
351
64
415
479
862
340
169
509
678
154
800
922
689
578
234
812
45
825
870
694
531
192
723
883
573
455
996
450
413
863
243
73
316
389
705
93
798
859
656
482
137
619
724
310
1
279
248
527
775
269
11
280
291
539
798
304
101
373
442
815
256
70
294
332
626
958
583
508
58
566
624
157
749
906
622
527
148
643
759
401
127
528
655
150
773
891
663
553
183
704
855
526
380
906
253
126
379
505
884
356
207
563
738
300
5
305
278
583
861
411
239
618
825
410
202
580
750
329
78
375
453
828
248
43
291
302
593
863
455
317
740
24
732
724
423
114
505
619
123
742
833
542
374
884
225
108
333
441
742
182
892
41
933
974
906
847
720
566
285
819
103
890
993
882
842
691
500
158
658
816
473
256
729
953
649
601
249
850
98
916
982
865
846
710
523
200
691
891
581
439
988
426
413
839
219
25
244
269
513
750
230
980
209
156
365
521
854
374
195
537
732
268
1000
235
202
405
607
11
586
565
150
715
865
547
411
958
336
261
597
858
422
247
637
884
520
371
859
197
55
252
275
527
770
264
33
297
298
563
861
391
251
642
861
470
298
736
1
705
706
410
83
493
576
36
580
584
163
747
878
592
469
28
465
493
926
386
311
697
7
672
647
318
933
218
150
368
518
854
339
192
531
691
189
848
36
884
888
771
658
396
21
385
374
759
132
859
959
817
743
559
269
796
64
860
924
783
706
488
193
649
810
426
235
661
864
524
387
879
233
111
312
423
735
125
828
921
748
668
383
50
433
451
884
334
185
487
672
158
798
956
753
676
396
71
467
538
973
478
450
896
345
240
553
761
281
9
290
299
557
824
380
171
519
690
208
866
41
907
916
790
705
494
198
692
858
517
374
891
264
122
354
476
798
241
38
279
317
564
849
412
260
640
868
507
374
849
190
38
228
234
462
696
125
789
914
670
583
252
803
22
825
815
607
421
27
448
443
859
301
127
396
523
919
409
295
672
967
638
572
177
717
894
610
471
80
519
567
85
652
737
388
124
480
572
51
591
642
232
842
41
851
860
710
569
278
815
60
875
935
809
743
519
229
748
945
692
636
295
899
161
59
188
215
403
618
989
574
562
103
633
736
368
103
439
542
949
490
438
896
301
164
433
565
998
530
527
56
551
575
93
636
729
364
60
392
452
844
263
106
369
443
812
254
33
255
256
479
735
213
916
96
11
107
86
161
215
376
591
935
493
395
888
250
105
355
460
783
242
24
234
226
460
686
113
799
912
678
557
234
791
993
783
775
525
267
792
58
850
876
693
568
228
764
992
755
714
468
181
617
766
350
115
465
548
981
528
476
972
447
418
865
282
114
396
510
874
351
224
575
767
341
107
416
523
907
397
303
700
2
670
672
309
949
257
205
462
667
128
763
859
589
447
35
450
453
871
323
193
484
645
128
773
869
609
477
85
530
615
144
727
871
597
435
1000
434
401
803
203
5
176
181
357
506
831
304
134
438
572
978
517
494
10
472
450
922
371
260
599
859
457
283
708
991
666
656
321
945
233
145
378
523
869
359
195
554
749
270
18
256
274
498
772
269
8
245
221
434
623
24
615
607
221
828
16
844
828
671
498
136
602
706
275
981
223
171
394
533
927
459
353
780
132
912
43
923
934
856
789
644
400
11
411
422
801
190
991
148
106
254
360
582
910
491
400
859
258
116
342
426
768
161
897
57
954
979
900
878
777
654
430
51
449
500
917
384
300
684
952
603
554
124
646
770
415
152
567
687
253
940
160
67
195
230
393
623
15
606
621
226
815
8
791
799
589
355
912
266
177
443
588
999
586
584
137
721
858
546
371
917
255
139
394
533
927
427
353
748
100
848
916
731
614
312
926
237
130
367
497
832
296
127
391
518
909
394
270
632
902
533
402
903
304
206
478
684
129
781
910
690
599
256
855
110
933
10
911
921
831
719
517
235
752
987
706
660
365
24
357
349
674
22
664
654
317
971
287
225
480
705
152
825
977
801
745
513
257
770
995
732
726
457
182
607
757
363
119
482
601
50
651
701
319
988
274
261
503
732
234
966
199
132
299
431
730
160
858
17
843
828
670
497
166
663
829
491
287
746
0
746
714
459
140
567
707
273
980
252
231
451
682
132
782
882
663
512
174
686
828
481
308
757
64
789
853
609
429
37
466
503
969
471
439
910
316
193
509
702
178
848
994
841
834
642
443
52
463
515
946
428
373
801
173
942
82
23
105
96
169
233
402
635
4
607
579
185
732
885
616
500
83
551
602
152
754
874
595
468
62
498
560
57
585
642
226
836
29
865
894
726
587
312
867
146
12
158
170
296
434
730
163
861
23
852
843
694
536
197
733
930
630
527
124
619
743
361
103
432
503
935
405
307
712
18
698
684
349
32
381
381
730
78
808
886
661
514
174
688
830
485
314
799
80
879
927
773
699
471
169
640
809
416
192
608
800
375
142
517
659
143
770
913
650
562
211
741
920
660
547
174
721
895
583
477
27
504
531
2
501
471
972
410
381
791
139
898
4
870
874
743
584
326
910
203
112
315
395
678
40
718
758
475
200
643
843
453
295
716
979
694
672
365
36
369
405
774
146
888
1
857
826
682
507
156
631
755
385
107
492
567
58
625
651
243
862
72
902
974
875
816
690
505
162
635
765
399
163
562
693
222
915
104
987
90
76
166
242
376
618
994
579
540
118
658
744
401
144
513
625
137
730
835
564
366
930
295
192
455
647
101
716
785
500
284
752
35
787
790
544
301
845
145
958
70
996
33
28
61
89
118
175
293
436
697
132
797
897
693
557
249
806
22
796
786
549
334
851
152
2
154
124
246
338
584
922
473
394
835
196
30
226
224
418
642
59
669
728
364
59
423
482
905
386
258
644
902
513
382
863
244
106
318
424
710
101
811
912
722
633
354
955
276
230
506
704
177
849
994
842
835
644
478
121
567
656
190
846
35
849
884
732
583
314
897
178
42
220
230
418
648
33
681
682
362
43
373
384
725
76
801
877
677
521
165
686
819
504
322
794
83
845
928
740
635
374
977
350
326
644
938
581
518
98
584
650
233
883
115
998
80
45
125
138
231
369
568
905
472
376
816
159
975
133
107
208
315
523
806
296
101
365
466
799
264
62
294
324
586
878
431
308
707
983
689
671
359
998
324
321
645
934
546
447
961
407
367
742
108
850
926
775
668
410
77
487
564
50
614
632
245
845
57
902
959
860
818
677
462
138
568
674
241
915
155
37
160
197
357
554
879
400
278
678
924
601
524
92
584
676
227
871
97
968
64
1000
31
999
29
27
24
51
75
94
137
231
336
567
903
437
307
712
18
730
716
413
96
477
573
49
622
639
260
867
94
961
54
14
36
18
22
40
62
70
100
138
238
344
550
894
443
304
747
50
765
783
547
329
844
172
15
155
170
325
463
756
218
974
159
100
259
359
618
945
530
474
972
445
416
829
212
8
220
228
416
644
27
639
666
304
970
273
242
483
693
175
868
42
878
920
797
684
448
131
547
646
192
838
29
835
832
666
465
130
595
693
255
916
138
21
159
180
307
455
730
184
914
65
947
11
958
937
862
766
627
360
987
314
300
614
882
463
312
743
22
733
755
455
209
632
809
440
248
688
904
591
494
52
514
534
47
581
596
144
708
852
559
378
905
250
122
372
462
802
263
64
327
391
718
76
762
838
599
436
34
438
440
878
285
162
415
545
960
504
463
967
429
363
760
122
882
972
821
792
580
371
951
289
207
496
671
166
805
971
775
713
455
135
558
661
218
847
64
911
943
821
731
519
249
768
985
752
704
423
126
549
675
191
834
24
826
850
643
492
134
594
696
257
921
145
33
178
211
357
536
893
428
320
716
35
751
754
504
225
697
922
618
507
92
599
659
225
884
76
928
3
931
902
800
669
468
104
540
644
183
827
9
836
813
648
428
75
503
546
16
530
514
43
557
568
92
660
720
347
66
413
447
860
306
133
407
508
883
358
240
598
838
403
208
611
787
365
151
516
667
182
817
999
815
781
563
311
874
184
25
209
234
411
613
992
572
531
102
633
735
335
37
372
409
749
125
874
999
872
838
677
514
190
704
862
565
426
959
352
278
630
908
505
412
885
264
148
412
528
908
435
342
745
54
799
821
619
439
25
432
457
857
313
169
450
587
4
591
595
153
716
869
552
388
940
327
266
593
827
387
213
568
781
316
64
380
444
824
267
58
325
351
644
995
638
632
269
901
137
5
142
147
257
372
629
969
565
533
97
598
695
292
955
214
136
350
486
804
289
92
349
441
790
198
956
153
108
229
305
534
807
308
114
422
536
958
461
386
847
232
46
278
292
570
862
399
228
595
823
417
207
592
799
358
156
482
606
87
693
780
472
251
723
942
664
573
204
777
981
757
737
461
197
658
823
448
238
654
860
513
372
853
224
44
268
280
516
796
311
106
417
491
908
398
273
639
912
550
429
979
407
353
728
48
744
792
535
294
797
58
855
881
703
583
285
868
152
988
107
94
201
263
432
663
94
757
819
543
329
872
168
39
207
214
389
571
928
498
393
859
251
77
328
405
701
73
774
815
556
370
926
263
156
419
543
930
472
401
873
273
113
386
467
821
287
107
394
469
863
331
161
460
589
16
605
589
161
750
911
628
506
133
607
708
314
21
303
292
595
887
481
335
784
86
870
956
793
748
508
255
731
986
684
637
320
957
276
232
508
740
215
923
137
59
164
191
323
514
805
318
122
408
498
874
371
212
551
763
313
43
324
367
691
57
716
741
456
164
620
752
339
90
429
519
916
402
317
719
35
754
757
478
234
712
946
625
570
162
732
862
593
422
983
404
386
790
175
965
139
71
210
281
459
740
166
874
39
913
952
832
751
582
332
914
245
126
339
433
772
204
944
115
26
109
135
244
347
559
874
400
273
673
914
554
435
957
391
347
738
52
758
810
535
312
847
158
973
98
38
136
142
246
388
634
21
623
644
266
878
111
989
67
55
122
145
235
348
551
867
417
251
668
887
522
408
930
337
266
571
805
375
179
554
701
222
923
144
34
146
180
294
474
768
209
945
153
97
218
283
469
752
220
940
127
34
161
163
292
455
747
169
884
52
936
988
891
878
768
613
348
961
276
204
480
684
131
783
914
696
609
304
881
152
0
152
120
240
360
600
928
527
454
949
370
286
656
942
565
506
38
512
550
61
611
640
218
858
43
901
912
812
723
502
192
662
822
451
272
691
963
653
583
203
754
925
678
602
247
849
63
880
943
822
764
553
316
837
152
989
108
64
140
172
312
452
732
183
915
65
948
12
960
940
899
838
704
509
180
657
837
493
297
790
86
844
930
741
670
378
47
425
440
833
240
40
248
256
472
728
199
895
93
988
48
3
19
991
9
1000
8
976
952
927
878
804
681
452
100
552
620
171
759
898
656
553
208
761
937
697
633
297
898
194
59
221
280
501
781
249
29
278
275
521
764
252
15
267
250
485
703
187
858
12
870
882
719
568
286
822
75
897
972
868
807
642
448
89
505
594
98
660
758
385
110
495
605
99
672
771
442
180
590
770
359
96
455
519
942
460
401
861
261
89
318
407
693
99
792
859
618
444
29
473
502
943
412
322
734
55
757
780
504
283
787
37
824
861
652
480
99
579
678
224
870
93
931
992
922
881
802
650
451
68
487
555
41
596
637
232
837
36
841
877
717
561
277
838
82
888
970
857
826
650
443
92
503
563
65
596
661
256
885
108
993
100
60
160
220
348
536
884
419
270
689
959
615
541
123
664
755
386
140
526
634
159
761
888
648
535
182
685
835
519
321
808
128
936
31
935
934
868
801
636
404
39
443
450
861
278
106
384
490
842
299
140
407
515
922
436
357
761
85
846
931
744
674
417
58
443
501
944
444
355
799
121
920
8
896
904
799
702
500
201
701
902
570
439
8
447
455
902
324
193
517
678
194
840
1
841
842
682
523
172
663
835
497
299
764
62
826
856
681
504
184
688
840
495
302
765
66
799
865
631
463
93
556
649
204
853
24
877
901
745
613
357
970
326
263
589
852
408
227
635
862
464
325
789
81
838
887
724
610
301
879
147
994
140
133
241
342
583
925
507
399
906
304
177
449
594
42
636
646
281
927
175
101
276
345
621
934
554
455
977
431
407
838
244
49
261
310
539
817
355
171
526
697
190
855
44
899
911
777
655
431
53
452
505
957
429
353
750
102
820
922
741
630
338
936
241
176
417
561
978
506
451
957
407
363
770
132
870
1
871
840
678
517
194
679
873
551
391
942
332
241
541
782
290
71
361
400
729
128
825
921
745
665
377
9
386
395
749
111
860
939
766
704
437
108
545
653
165
818
983
768
718
485
202
655
825
479
303
750
52
802
822
591
380
939
318
256
542
798
307
72
379
451
830
248
45
261
306
567
841
375
183
558
741
266
975
208
150
358
508
834
309
110
419
529
916
412
295
675
970
644
581
192
741
933
641
541
181
722
871
560
430
958
355
312
667
947
613
559
139
666
805
438
210
648
858
473
298
739
4
743
747
489
203
692
895
554
416
970
353
290
643
933
575
507
81
556
605
160
765
893
625
517
141
626
735
328
62
358
388
746
133
879
980
858
805
662
466
95
529
592
88
680
768
415
182
597
747
311
25
304
329
633
930
562
459
989
447
435
850
284
101
353
454
807
260
34
294
328
590
886
475
328
771
98
869
935
771
705
443
115
558
673
230
903
100
2
102
72
142
214
356
538
862
399
228
627
855
449
271
688
959
646
604
217
789
5
762
767
528
262
758
988
713
700
412
79
491
538
28
566
562
95
625
688
312
1000
279
278
525
771
295
65
360
425
785
209
962
138
67
205
272
445
685
97
750
847
596
410
974
351
292
643
935
577
479
55
502
525
26
551
577
127
672
767
406
172
578
718
263
949
211
159
338
465
771
235
5
208
181
357
506
863
368
198
534
700
233
933
133
33
134
167
301
436
705
108
781
889
669
525
161
654
815
468
250
686
904
557
460
16
444
428
872
299
170
469
607
43
618
661
246
875
120
995
114
108
190
298
456
722
177
899
75
942
985
926
910
803
712
514
193
675
868
542
377
887
263
149
412
529
941
469
377
814
190
3
193
164
325
489
814
302
115
385
468
853
320
140
428
536
964
499
430
897
294
158
452
610
61
639
700
338
5
311
316
595
879
473
351
792
110
870
980
817
796
580
343
923
265
187
452
607
58
633
691
291
950
240
189
429
618
14
632
614
245
827
71
898
937
802
706
475
148
591
707
265
972
236
207
411
586
965
550
514
31
545
576
88
632
688
319
6
293
267
560
795
322
116
438
522
960
449
408
825
200
24
224
248
472
720
159
847
5
820
825
644
436
47
483
498
981
478
426
872
265
136
369
473
842
314
123
437
528
933
460
392
820
211
999
177
175
352
527
879
373
219
592
811
402
212
582
762
343
104
415
519
902
388
289
677
966
610
543
152
695
847
509
355
864
186
17
171
156
327
451
746
196
942
105
14
119
101
220
289
477
766
242
7
249
256
473
697
169
834
971
804
774
577
318
863
180
42
190
232
390
622
980
569
548
116
664
780
443
190
601
791
391
149
508
657
164
821
953
741
693
401
61
462
523
985
475
427
870
296
165
429
562
991
552
510
29
539
536
74
578
652
229
849
45
862
875
704
546
217
763
980
710
657
366
991
324
314
606
888
493
380
841
220
60
248
276
524
800
291
58
317
375
692
66
726
760
485
212
665
877
509
385
862
214
75
289
364
653
985
637
621
225
814
6
820
826
645
438
50
456
506
962
435
396
831
194
993
186
178
332
510
810
287
96
383
479
862
308
137
445
582
26
576
602
177
747
892
606
465
38
503
541
43
552
563
114
677
759
403
129
532
629
128
757
885
609
493
101
562
663
192
855
46
869
883
719
601
287
856
142
998
107
104
179
251
430
681
110
759
869
595
463
57
488
513
969
449
385
834
186
988
173
160
301
429
730
126
824
950
773
722
494
183
645
796
440
235
643
878
520
365
885
217
101
286
387
641
996
636
631
266
897
162
58
188
214
402
584
954
537
490
26
516
510
994
503
464
967
430
364
762
93
855
916
738
653
390
10
400
410
778
187
933
119
51
138
157
263
420
651
70
689
759
447
173
588
729
284
981
232
180
380
560
940
467
406
841
214
54
268
322
558
848
373
220
593
781
373
121
462
583
44
627
639
233
872
104
976
47
22
69
59
96
123
187
310
465
775
239
982
188
169
325
462
787
248
34
282
284
534
818
319
104
423
495
886
380
265
613
846
426
271
697
936
632
535
134
669
803
439
209
648
825
472
264
736
1000
703
670
340
978
285
262
547
809
323
99
422
521
911
431
341
740
48
756
772
495
266
761
26
755
749
503
219
690
909
598
506
71
545
616
160
776
936
679
582
260
810
37
847
884
730
581
310
891
168
26
162
156
286
442
728
137
833
970
802
771
572
310
850
127
977
71
47
86
133
219
320
507
795
269
31
268
299
567
866
400
233
633
834
434
267
669
936
572
507
78
553
599
119
686
773
426
198
624
790
381
138
519
625
111
736
847
582
396
978
341
286
627
913
539
451
990
408
397
773
169
910
78
956
33
957
958
914
871
784
654
437
90
527
617
143
760
903
630
532
129
661
758
418
175
561
704
232
904
103
975
45
19
64
51
115
166
249
383
600
983
582
532
81
613
694
274
968
209
144
353
497
850
346
163
509
640
116
756
872
627
498
124
590
714
271
985
223
207
430
605
2
575
545
87
600
687
286
941
194
102
296
398
662
27
657
652
308
960
235
162
397
559
924
482
405
855
227
49
276
325
569
862
430
291
689
948
604
551
154
705
827
499
325
792
84
876
928
803
698
500
165
633
798
430
227
657
884
540
423
963
353
283
636
919
522
408
930
337
266
571
837
407
211
586
797
350
114
464
578
9
555
564
118
650
768
417
152
537
689
225
882
74
956
998
921
918
838
755
592
314
906
219
92
311
371
682
20
670
690
359
48
407
423
798
220
17
237
222
427
649
75
692
767
426
160
586
746
331
76
375
419
794
180
942
121
62
151
181
332
513
845
357
169
494
631
124
755
847
601
447
15
430
413
811
223
33
224
225
449
642
58
700
758
457
182
639
821
427
215
610
825
434
258
660
886
545
430
975
372
346
686
31
717
716
400
83
451
502
921
422
342
732
41
773
814
554
335
889
191
79
270
317
555
840
394
201
563
764
326
57
383
440
791
198
957
122
46
168
214
382
564
914
477
390
835
224
58
250
276
494
738
231
937
135
71
206
245
419
664
50
714
764
445
176
589
765
321
85
406
459
833
259
91
350
409
727
103
798
901
698
566
263
797
59
856
883
706
556
229
785
13
766
747
512
258
738
964
701
664
332
964
263
226
489
683
171
822
961
782
742
491
232
723
923
613
535
147
650
765
382
146
528
642
137
747
884
598
449
46
495
509
3
512
483
963
413
375
788
130
886
984
869
820
656
475
130
573
703
275
946
188
133
321
422
711
132
843
975
785
727
511
237
748
953
700
652
319
939
225
163
388
519
907
425
299
692
991
682
640
321
929
217
145
362
507
869
343
211
554
733
254
955
176
98
274
372
614
954
567
488
54
542
564
73
605
646
250
896
113
977
57
1
58
59
85
144
229
341
570
879
448
294
742
3
713
716
428
143
571
714
284
966
217
182
399
549
916
432
315
747
61
808
837
612
448
27
475
502
945
414
326
708
33
709
742
418
127
545
672
216
888
71
959
29
956
953
876
796
671
466
104
570
674
211
853
31
884
883
734
616
349
933
249
181
430
579
977
555
499
21
520
541
60
569
597
165
730
863
592
422
982
403
352
755
106
829
903
699
601
299
868
166
33
167
200
335
535
838
372
209
549
726
242
936
145
48
193
241
402
643
44
655
699
321
19
340
327
635
930
532
461
993
421
381
802
150
952
69
20
89
77
134
179
281
460
709
136
845
981
825
805
597
369
966
334
299
633
900
500
367
867
233
99
300
367
667
1
668
637
272
909
180
88
236
324
560
852
411
230
609
839
447
253
700
953
620
540
159
667
826
492
285
745
29
742
771
480
218
698
916
613
528
140
636
744
379
90
469
559
996
522
485
6
459
433
892
324
183
507
690
164
822
986
775
760
534
261
763
992
754
745
466
210
644
854
497
318
783
68
819
855
673
495
167
630
765
394
158
552
710
229
939
135
73
208
249
425
642
34
676
710
353
30
383
413
764
144
876
19
863
850
712
561
272
833
104
905
977
881
825
705
529
201
698
867
532
366
866
231
96
295
391
686
44
698
710
407
116
491
575
65
640
705
344
16
328
312
640
952
559
478
36
514
518
31
517
516
32
548
548
63
611
674
284
958
209
134
343
477
820
264
51
315
366
649
983
599
549
147
696
811
506
316
790
105
895
968
830
765
562
326
888
181
68
249
285
534
819
320
106
426
532
926
425
318
711
28
739
767
473
207
648
855
502
324
826
149
943
91
33
92
93
185
278
431
677
75
752
827
546
372
918
257
142
399
541
908
416
323
739
29
736
733
468
200
636
804
407
210
617
827
411
205
616
789
372
160
500
628
127
755
882
604
453
56
477
501
978
478
423
901
323
191
482
673
154
827
981
775
723
465
187
652
807
426
200
626
794
387
180
567
747
281
27
308
303
579
850
428
277
673
918
590
507
64
571
635
173
808
949
756
704
427
98
493
591
83
642
725
366
58
424
482
874
323
164
455
619
41
628
669
296
933
228
160
356
516
840
355
194
517
679
163
842
4
814
818
631
416
14
398
380
778
157
903
27
898
925
790
682
471
152
623
743
333
75
376
419
795
213
976
156
99
255
322
545
867
411
245
656
869
524
392
884
243
94
305
367
640
6
614
588
201
789
990
746
735
480
182
630
780
377
156
533
657
157
814
971
784
722
473
194
635
797
431
227
626
821
414
234
616
818
433
250
683
901
551
419
970
388
325
681
974
654
595
216
811
26
805
831
635
433
35
436
471
875
345
187
500
687
186
873
58
899
957
823
779
601
347
916
230
113
343
456
767
222
989
178
134
312
446
726
171
865
35
900
903
770
640
377
16
361
345
706
50
724
774
497
238
703
909
579
455
33
488
489
977
465
409
842
250
91
341
400
741
140
849
957
805
761
533
261
794
54
816
838
653
458
110
568
646
181
795
944
738
681
418
66
452
518
970
487
424
911
302
212
514
694
175
837
980
816
795
578
340
918
257
142
399
541
908
448
355
771
93
832
893
724
584
307
891
165
23
156
179
303
450
753
202
955
156
78
202
280
450
698
147
845
960
804
731
502
232
734
934
635
568
202
770
940
709
616
292
908
199
106
273
379
652
999
618
584
169
753
922
642
531
172
703
875
545
419
964
350
281
631
880
510
389
867
223
57
248
305
553
826
378
203
549
720
236
956
191
114
273
355
628
983
578
560
137
665
770
434
203
605
776
348
123
439
562
0
530
498
996
493
488
949
404
352
756
107
831
906
736
641
344
985
328
280
576
824
399
190
589
779
335
81
416
465
849
313
161
442
603
12
583
595
177
772
917
656
572
227
799
994
792
785
544
296
808
103
911
982
892
873
732
572
303
875
177
19
196
183
347
530
877
406
282
656
906
529
434
963
364
294
626
920
513
400
913
312
224
536
760
263
22
285
275
528
771
298
68
334
402
704
73
777
850
626
475
68
511
579
89
668
725
360
84
412
496
908
371
246
617
831
415
245
660
873
500
340
840
147
955
101
55
156
211
335
514
849
362
178
508
686
161
815
976
790
765
522
254
776
29
773
770
542
311
853
163
984
114
65
179
244
391
635
25
628
621
248
869
116
985
68
20
56
76
132
176
276
420
664
83
747
798
544
341
853
193
13
174
187
361
548
877
424
300
692
992
651
610
260
870
97
935
31
966
997
962
926
855
780
602
349
951
299
217
516
701
184
885
68
921
989
909
865
741
605
313
886
198
83
249
300
517
817
333
117
450
567
985
519
471
990
460
417
877
293
137
398
503
869
371
239
610
817
394
210
604
782
385
166
519
653
139
792
931
690
620
309
897
173
37
210
215
425
640
32
640
640
247
887
133
988
88
43
99
142
241
383
592
943
534
444
946
389
302
659
961
619
579
165
712
877
588
464
19
451
438
889
326
182
476
658
133
759
892
650
509
126
603
729
299
996
294
289
583
840
422
261
651
880
530
409
907
283
157
440
597
4
569
573
109
682
759
408
166
574
740
281
989
269
257
526
751
244
995
238
232
438
638
43
681
724
372
63
435
498
901
366
266
600
834
433
266
699
933
599
531
129
660
757
384
140
524
632
123
723
846
568
381
917
297
213
478
659
104
763
835
597
431
996
394
357
751
75
794
869
662
530
191
689
848
536
383
887
237
123
360
451
779
229
7
236
243
447
658
72
730
802
499
268
735
2
705
707
411
85
464
517
949
433
381
814
162
944
73
16
57
41
98
139
205
312
517
829
313
141
454
563
985
515
499
982
448
429
877
273
149
422
539
961
467
395
862
256
117
341
426
767
192
927
86
12
98
110
176
254
430
652
49
701
750
450
167
617
752
368
119
455
542
965
474
406
848
221
68
257
325
550
843
392
234
626
860
453
280
733
981
681
661
309
938
246
183
429
612
8
620
596
215
779
994
740
701
440
140
580
720
299
18
285
303
588
859
414
240
654
862
483
344
827
170
997
134
130
232
330
562
892
453
344
765
76
841
917
757
641
365
5
370
375
713
87
800
855
622
476
97
541
606
114
720
834
521
322
811
132
911
42
953
963
883
813
663
443
105
548
621
168
789
925
713
605
317
922
206
95
269
332
601
901
469
369
838
174
11
185
164
317
449
766
182
948
129
44
141
153
294
447
741
155
864
18
882
868
717
552
268
788
55
843
866
676
509
184
661
845
473
317
790
74
832
874
673
514
186
668
822
489
310
767
44
811
823
633
455
55
478
501
979
479
425
872
296
135
399
534
933
434
366
800
133
933
65
966
999
932
930
829
726
554
279
801
79
848
895
742
636
377
981
357
337
662
967
596
530
125
655
748
370
85
455
508
931
438
368
774
109
883
960
810
769
546
314
828
141
969
77
13
58
39
65
72
105
177
282
427
677
103
780
851
630
480
77
525
570
94
632
694
325
18
311
297
576
873
448
288
704
992
695
654
316
938
253
158
379
537
884
420
303
691
962
652
613
264
845
108
953
28
949
945
893
805
665
469
133
570
671
240
879
86
965
50
14
32
46
46
60
106
166
272
406
678
83
729
780
508
287
795
49
812
861
672
532
203
703
874
544
417
961
377
305
650
955
572
526
65
559
624
182
806
988
793
748
508
255
763
17
780
765
512
244
756
1000
723
690
380
69
417
486
903
356
226
550
776
325
100
393
461
854
282
135
385
488
873
360
232
560
760
319
46
365
411
744
122
834
924
725
648
372
19
359
378
705
50
755
805
559
331
858
188
45
201
214
383
597
948
512
459
971
429
399
796
194
990
151
108
259
367
594
929
522
450
972
421
360
749
108
825
901
725
625
349
942
290
231
489
688
176
832
7
807
782
588
369
957
325
281
574
855
428
250
646
896
541
404
945
348
260
608
836
411
246
657
903
527
397
924
320
243
531
774
304
45
317
330
615
945
527
471
998
436
401
805
205
978
182
159
309
436
713
148
861
8
837
813
649
461
109
538
615
152
767
887
653
507
159
666
793
426
186
612
766
345
110
455
533
988
520
475
963
437
399
804
202
974
175
116
291
375
666
8
674
682
323
973
263
203
434
605
6
579
553
99
620
719
306
24
298
322
620
910
497
374
839
180
18
198
184
350
534
852
353
204
525
729
253
950
170
119
289
376
665
8
641
649
289
906
194
67
261
296
525
821
345
165
510
675
152
795
915
709
623
299
922
188
109
265
374
607
981
587
535
89
592
649
208
825
0
825
793
617
409
994
370
331
701
31
700
731
430
128
526
622
147
769
884
620
503
90
561
651
211
830
8
838
814
651
464
82
514
596
77
641
718
358
75
433
476
877
352
228
580
776
323
98
421
487
908
394
269
663
932
562
461
991
419
409
828
204
31
203
202
405
607
980
554
533
86
619
705
291
964
254
217
439
624
62
686
748
401
148
517
633
149
782
931
680
610
289
867
155
990
112
101
213
314
495
777
271
15
254
269
523
760
250
9
227
236
431
667
65
700
765
464
228
692
920
611
530
108
606
714
319
0
287
255
510
765
274
38
280
286
566
852
417
236
621
857
477
333
778
78
856
902
757
658
382
7
357
364
689
52
741
761
469
197
666
863
496
326
790
83
873
924
796
719
482
168
618
754
371
124
463
555
17
572
557
128
685
781
465
245
678
891
536
426
962
355
284
607
859
465
323
756
78
834
880
681
560
240
768
976
743
686
428
113
509
590
66
624
658
249
907
155
29
152
181
333
514
815
296
110
406
484
858
341
166
507
673
147
788
935
690
592
281
873
153
994
114
107
221
296
485
749
201
950
150
99
217
316
501
817
285
101
354
423
777
199
976
174
149
323
472
795
234
28
230
226
456
682
137
787
892
678
537
182
719
901
619
487
105
592
665
224
857
48
873
921
761
649
409
57
466
523
957
447
403
850
252
101
321
390
679
68
747
783
497
247
744
959
670
628
297
925
221
113
334
447
749
195
912
74
986
59
44
103
115
218
333
519
852
338
157
495
652
146
766
912
677
556
200
756
956
679
634
312
914
193
74
235
309
544
821
332
152
484
604
55
627
682
276
958
201
126
327
453
780
232
980
179
158
337
463
768
198
966
163
96
259
355
582
937
518
422
908
329
236
565
769
301
69
338
375
713
55
736
791
526
284
810
93
871
932
802
701
470
170
608
778
353
130
483
581
31
580
579
158
705
863
567
397
932
296
195
459
654
112
734
846
547
360
907
266
172
406
578
952
529
480
977
424
368
760
127
855
982
804
785
588
340
896
203
66
237
271
476
747
222
937
126
30
124
154
278
400
646
45
691
736
394
97
459
556
14
570
552
89
641
698
306
3
277
248
525
741
233
974
174
147
321
436
725
160
853
12
865
845
677
489
133
622
755
344
98
442
508
918
425
342
735
76
779
823
601
423
23
446
437
851
287
137
392
529
889
385
273
658
931
556
454
9
431
440
871
278
116
394
478
840
317
156
473
597
69
666
703
368
38
374
412
786
197
951
115
33
148
181
297
478
775
220
963
182
144
294
406
700
73
741
814
554
335
857
191
15
174
189
363
520
851
370
220
558
746
303
48
319
335
654
989
642
598
239
837
43
848
859
674
500
173
673
814
454
267
689
924
612
503
114
617
699
283
950
200
117
317
402
687
88
775
831
573
403
944
346
257
571
828
398
225
591
816
374
189
563
720
250
938
155
92
247
307
554
861
382
210
592
770
361
98
427
525
952
476
427
903
329
231
528
727
222
949
170
86
256
342
566
908
441
316
757
72
829
869
697
565
229
762
959
688
646
301
915
215
129
312
409
721
129
850
979
796
742
537
278
783
28
811
839
617
423
39
462
501
963
431
361
792
120
880
1000
879
846
724
537
228
765
993
725
717
441
125
566
659
192
851
42
861
903
731
601
331
932
262
193
455
616
70
686
724
377
100
477
577
21
566
555
120
675
763
437
199
604
771
374
144
486
598
83
649
700
348
47
363
410
773
150
891
40
899
907
805
711
483
161
644
805
448
220
668
888
523
378
901
278
146
392
538
898
435
300
735
34
737
739
443
149
592
741
300
8
308
284
592
844
435
278
681
927
575
469
11
480
491
939
429
335
732
66
798
832
629
428
56
452
476
928
403
330
733
62
763
793
555
315
838
152
990
141
98
239
305
512
817
328
144
472
616
55
639
694
332
994
293
286
579
833
379
179
558
737
262
967
228
162
358
520
878
365
210
575
785
327
111
438
517
923
439
329
736
64
800
864
663
494
156
618
774
359
132
459
559
17
576
593
168
761
929
689
617
305
890
162
51
213
232
413
613
25
638
631
268
899
134
0
102
102
172
242
414
624
37
661
666
294
960
253
180
401
581
982
530
479
8
455
431
886
316
201
517
686
202
888
57
945
970
914
851
764
582
345
895
207
101
308
409
717
125
842
967
808
774
549
290
839
128
935
62
997
26
991
16
6
991
965
955
919
841
727
535
229
764
993
724
716
439
122
561
683
211
862
72
934
974
907
880
754
633
354
955
308
262
538
800
337
104
441
513
954
434
355
789
143
932
74
974
15
989
972
928
899
826
724
549
240
757
997
753
717
437
121
558
679
204
883
54
937
991
895
853
715
535
217
752
969
688
656
311
935
245
179
392
539
931
469
399
836
202
37
207
244
451
663
81
744
825
536
360
896
223
86
277
363
608
939
546
484
29
481
478
959
436
394
798
159
957
83
7
90
97
155
220
375
563
906
468
341
777
117
894
10
872
850
721
570
290
828
85
913
966
846
811
656
466
121
555
644
198
810
976
785
760
512
271
751
21
740
761
500
228
696
892
555
414
937
350
286
636
890
493
382
875
224
66
290
356
614
938
551
488
38
526
532
25
557
550
74
624
698
321
987
275
261
536
765
268
32
300
300
568
868
435
270
673
911
583
493
43
536
579
82
629
679
275
954
196
117
313
430
711
140
819
927
745
671
415
53
468
521
957
445
401
814
182
996
177
172
349
489
806
294
67
329
396
693
88
781
837
585
389
974
330
271
601
872
472
311
751
61
812
873
652
492
111
603
714
316
998
281
278
527
773
299
39
306
345
651
996
646
609
222
831
52
851
871
689
559
215
742
957
698
622
319
909
195
103
298
401
699
99
766
833
598
430
27
425
420
845
264
76
340
416
724
139
831
938
768
705
472
144
616
728
311
38
349
387
704
90
762
820
581
400
981
380
360
708
67
743
778
520
297
817
113
898
979
876
854
729
550
278
828
73
869
910
746
655
400
22
390
412
802
213
983
163
145
276
389
665
53
718
739
424
162
586
716
269
985
253
237
490
695
152
847
967
781
747
495
241
704
913
616
528
143
671
782
452
233
653
854
474
295
769
63
800
863
662
492
121
613
734
346
47
361
408
769
144
913
56
937
993
897
889
753
609
361
970
330
299
629
896
492
355
847
201
15
184
199
351
518
869
386
254
608
830
437
234
639
873
479
319
798
116
914
998
879
876
754
629
350
947
296
242
506
748
253
969
189
125
282
407
657
31
688
719
374
92
434
494
928
421
348
737
84
821
873
693
533
193
726
919
612
530
141
639
748
354
69
423
460
851
310
160
470
630
67
665
732
364
95
459
522
949
438
354
792
145
905
49
954
971
924
862
753
614
366
948
281
196
477
673
117
790
907
664
570
201
771
940
710
617
294
911
204
114
318
432
750
181
931
79
978
56
33
89
90
147
237
384
589
941
529
469
998
434
399
833
199
31
198
229
427
624
18
610
596
173
737
910
614
523
136
627
731
325
23
348
339
687
994
648
641
288
929
216
144
360
504
832
303
134
437
571
7
546
521
66
587
653
239
860
66
926
960
853
812
664
443
106
517
591
107
698
773
470
242
680
890
537
394
931
292
190
482
640
121
729
818
546
363
909
239
147
354
469
823
291
113
372
485
825
277
101
378
447
825
271
63
302
333
603
936
538
441
947
387
333
720
20
708
728
403
98
501
599
99
666
765
430
162
560
722
249
939
187
125
280
373
621
994
614
575
156
731
887
585
439
992
430
421
819
207
994
200
193
361
554
915
436
318
722
7
729
736
432
135
567
670
236
906
109
983
59
9
36
45
49
94
143
205
316
521
805
293
97
390
487
877
331
207
538
713
250
931
148
78
226
272
498
770
235
973
207
179
386
533
919
451
337
756
92
816
908
691
566
256
822
77
867
944
778
689
466
154
620
774
393
166
527
693
187
848
34
882
916
765
648
412
59
439
498
937
402
338
708
13
721
734
454
155
577
732
308
39
315
322
637
959
563
489
51
540
591
130
689
787
475
261
704
933
636
536
139
675
814
488
301
757
57
814
839
620
458
45
503
516
987
502
488
990
477
434
911
344
222
534
756
289
44
301
345
646
959
572
530
101
631
700
330
29
327
324
619
943
561
471
31
502
501
971
471
441
880
288
135
423
558
949
506
454
928
349
276
625
869
493
361
822
150
972
121
60
181
241
390
631
989
587
575
161
736
865
568
432
1000
399
366
765
130
895
993
887
879
733
579
311
858
136
994
129
122
219
341
560
869
396
264
628
860
487
346
833
146
979
92
70
162
200
330
498
796
261
56
285
341
626
935
528
430
958
355
312
635
915
549
463
11
474
485
927
379
273
652
925
544
436
948
383
298
649
947
595
541
135
644
747
390
136
494
598
91
657
748
372
119
459
578
36
582
586
135
689
792
448
207
623
830
452
249
701
918
586
503
88
559
647
205
820
993
780
772
519
258
777
2
779
781
527
275
770
44
814
826
639
464
70
502
540
41
581
622
170
760
930
657
554
210
764
974
705
678
382
27
377
372
749
120
837
957
761
685
445
129
542
671
180
851
999
817
815
631
445
75
520
595
82
645
727
371
97
468
533
969
501
469
970
406
375
781
123
872
995
834
828
629
424
52
476
528
3
499
470
969
406
342
748
89
805
894
698
559
224
783
6
757
731
455
185
640
793
400
192
560
720
279
999
245
211
456
635
58
693
751
411
129
540
669
208
845
20
865
885
717
569
285
854
138
960
65
24
89
81
170
251
389
640
997
604
600
203
771
942
680
621
300
889
188
44
200
244
444
656
67
723
790
512
301
781
49
830
879
676
554
197
751
948
666
581
214
795
8
771
747
517
231
716
947
662
576
205
749
954
670
591
260
851
110
929
38
967
973
907
879
753
599
351
950
268
185
453
638
58
696
754
417
138
523
629
151
780
899
646
544
189
701
890
590
447
4
419
391
778
168
946
113
26
107
133
240
341
581
890
438
327
765
91
824
915
706
620
325
913
205
85
258
311
537
848
384
199
551
750
268
986
253
238
459
697
123
788
911
698
576
273
817
89
906
963
836
766
569
334
871
204
42
214
256
470
726
195
921
83
3
86
57
111
168
279
415
694
76
738
814
551
364
915
246
128
374
502
844
313
124
437
561
966
494
459
953
379
299
678
945
622
566
155
689
844
500
311
811
121
900
20
920
908
795
670
432
101
533
634
134
768
902
637
506
110
584
694
277
939
183
121
304
393
665
57
690
715
404
86
458
544
1
545
546
58
572
598
169
767
904
670
573
210
783
993
743
703
445
147
560
675
202
877
46
923
937
827
763
589
351
940
290
197
487
684
138
790
896
685
580
232
812
43
823
866
688
521
208
729
905
601
473
73
514
555
68
623
659
249
908
156
31
187
218
373
591
932
522
453
943
363
273
636
909
544
420
932
351
250
569
819
387
205
592
765
356
120
444
564
976
539
514
20
502
490
960
449
408
857
232
88
288
344
632
976
607
582
188
738
926
631
524
154
678
832
477
308
753
28
781
809
589
365
954
318
239
525
732
256
988
211
166
377
511
888
366
221
587
808
394
201
563
732
294
25
319
344
631
943
573
483
55
538
561
66
595
661
255
884
106
990
95
52
115
135
250
385
603
988
590
545
134
679
781
427
207
602
777
378
154
532
686
185
871
23
862
885
746
598
343
941
251
159
378
537
915
451
333
752
84
836
920
723
610
332
910
209
118
295
413
708
88
764
852
615
434
48
450
498
948
413
328
709
36
745
749
461
209
638
847
484
298
750
15
765
780
544
291
803
93
896
957
820
744
563
306
837
142
947
88
34
90
92
150
210
360
570
898
435
332
767
98
833
899
731
629
327
956
250
173
423
596
18
582
568
149
685
802
486
287
773
27
768
795
562
324
854
177
30
175
173
316
489
773
229
1
230
231
461
692
120
780
900
647
546
160
706
834
507
340
847
186
32
218
218
404
622
25
615
608
222
830
19
849
868
684
519
202
721
891
611
469
47
516
563
78
641
719
327
45
372
385
725
109
834
911
712
622
301
891
191
49
240
289
497
754
250
3
221
224
445
637
49
654
671
292
963
254
184
438
590
996
585
580
164