501
845
122
219
390
468
11
253
1
339
243
681
208
270
341
645
656
509
699
540
139
754
56
659
688
256
406
292
987
774
744
548
564
8
799
0
874
251
643
827
806
1000
244
474
170
86
4
189
561
363
458
689
563
915
185
722
799
619
915
674
385
50
965
280
708
231
88
758
31
939
528
624
781
500
328
180
471
905
337
88
949
791
362
320
949
634
367
123
628
42
880
133
244
567
940
791
289
119
440
91
5
472
597
319
833
33
133
480
237
490
28
184
795
114
711
52
609
61
353
660
84
294
11
788
6
406
245
674
760
666
583
693
43
917
904
661
200
346
18
354
522
78
545
952
419
918
61
421
748
275
62
33
281
440
307
230
194
462
425
612
495
544
442
350
836
229
113
984
429
758
891
177
301
12
44
259
433
720
676
833
689
821
215
134
348
470
550
344
87
590
7
36
672
953
315
21
117
413
397
736
663
439
933
162
776
910
525
765
351
448
92
86
268
384
117
921
264
162
95
542
327
946
688
925
690
711
23
854
536
939
153
806
414
628
911
387
851
494
16
73
983
616
540
392
141
551
262
523
249
394
23
359
928
895
679
858
836
315
893
882
407
559
304
316
623
154
334
404
989
11
893
918
73
637
585
53
73
11
534
854
218
839
122
874
874
586
237
406
636
612
135
663
778
96
319
61
243
328
579
750
151
827
731
13
727
713
9
815
94
572
416
942
852
113
739
971
188
892
751
247
530
391
617
73
806
982
151
655
701
741
552
535
52
323
435
865
491
6
585
471
942
8
230
62
561
580
225
614
461
121
793
181
359
699
388
986
215
924
696
116
88
382
424
29
272
205
6
976
878
741
784
497
264
183
129
811
417
121
101
146
995
80
772
141
122
322
254
540
634
74
147
591
133
349
246
268
407
603
628
200
869
804
879
581
514
618
225
996
190
299
581
666
962
134
282
427
788
47
428
323
845
22
823
838
956
511
977
351
887
475
355
107
944
291
508
587
331
847
40
472
4
228
188
80
384
286
854
790
810
153
952
648
611
531
430
2
199
335
763
476
594
313
889
993
312
192
447
590
359
712
272
325
258
79
613
146
14
332
320
967
379
16
725
85
920
665
635
831
444
859
685
252
821
201
51
284
367
372
3
582
17
287
12
30
864
20
944
103
710
995
52
375
132
932
105
703
787
212
72
769
190
391
793
76
457
261
547
363
584
802
229
218
613
127
936
120
599
912
586
159
221
437
625
949
231
447
68
100
622
152
958
334
396
592
953
323
167
360
647
323
463
785
11
563
646
386
520
316
442
578
431
534
858
426
8
162
771
453
797
448
549
703
944
304
202
66
182
422
679
202
222
281
986
501
230
828
381
519
890
781
179
853
124
604
358
286
318
958
505
571
35
455
713
105
840
325
401
274
170
319
887
515
719
708
334
415
41
940
312
331
204
437
676
913
514
171
801
979
513
651
979
634
791
877
806
840
813
359
173
475
761
726
378
426
324
913
773
891
99
142
377
546
556
412
777
660
602
568
944
976
704
831
181
523
684
798
331
596
298
9
21
309
375
919
6
91
516
306
635
303
272
303
318
566
275
232
786
265
17
558
214
822
986
302
463
684
695
894
425
764
169
757
434
625
264
641
555
527
948
746
75
426
827
195
673
349
575
5
445
348
661
862
889
635
313
965
182
72
176
994
665
562
732
402
54
233
981
218
882
341
266
654
92
478
785
503
467
546
209
520
430
560
703
80
131
57
152
771
437
69
739
453
179
614
790
381
22
580
857
941
829
319
79
787
439
671
91
343
376
845
701
64
844
52
56
679
191
701
673
466
738
155
702
873
76
931
626
891
22
749
984
717
268
11
233
757
502
429
969
895
683
919
168
32
64
563
731
588
573
722
256
276
157
736
900
16
491
11
938
531
378
270
728
60
295
47
169
231
33
216
77
392
81
661
443
724
107
912
864
775
222
732
258
78
16
460
18
533
999
392
684
2
732
455
49
408
971
17
419
927
718
570
753
430
259
589
543
77
572
474
998
779
75
322
276
149
233
40
305
184
875
485
526
245
632
139
369
696
239
872
893
65
901
665
557
154
279
211
226
988
404
481
835
625
421
118
107
599
317
202
848
376
213
465
781
884
760
449
155
935
462
713
171
809
617
774
751
824
630
171
78
448
105
867
975
915
461
609
238
970
208
20
824
782
4
542
39
515
682
647
77
287
73
727
27
650
595
793
651
31
436
978
33
453
138
16
806
655
110
11
431
380
872
393
376
472
785
787
677
476
464
568
146
91
180
546
147
609
181
44
680
159
177
231
206
763
341
597
404
60
687
284
885
925
820
343
137
6
352
617
926
307
341
728
853
785
168
318
944
4
191
906
950
158
363
551
246
55
569
186
88
597
434
314
557
302
89
381
878
762
928
230
499
979
635
177
935
19
521
658
995
244
814
936
674
346
673
886
111
601
602
195
879
972
311
611
627
664
962
591
915
367
128
318
387
817
963
769
152
756
66
833
508
80
525
152
636
230
891
154
873
111
384
206
768
366
549
83
478
436
843
257
124
920
935
813
881
856
636
6
22
13
562
550
549
871
721
267
199
119
834
634
706
185
756
470
19
241
977
352
658
263
237
541
226
812
793
999
187
645
672
555
218
534
206
686
390
787
393
887
714
412
949
270
642
788
730
803
912
281
404
457
438
65
491
663
314
98
717
979
490
521
778
614
143
783
390
909
217
931
822
63
183
846
806
690
203
734
258
473
127
347
826
184
828
132
677
263
40
318
53
590
397
942
287
124
740
548
198
75
384
45
652
8
356
576
485
44
539
775
882
648
938
498
634
411
877
278
613
946
199
363
22
54
994
943
130
19
922
324
856
342
38
473
88
699
222
232
467
478
390
853
882
279
818
597
353
233
66
245
68
385
625
252
318
623
812
34
508
837
729
49
102
435
429
50
777
839
731
303
300
960
740
772
766
642
615
321
54
43
53
147
531
469
75
959
854
485
509
527
116
307
703
583
472
53
685
495
252
839
864
809
474
722
77
549
454
932
454
729
730
637
152
508
921
827
537
198
507
280
949
134
40
816
593
297
636
563
294
620
184
906
70
275
591
139
306
966
14
14
343
980
414
708
291
701
890
637
805
624
736
90
658
443
576
455
596
409
704
71
406
23
48
708
471
928
793
564
257
269
660
806
657
39
268
107
583
510
72
998
116
482
836
98
533
940
256
490
795
591
434
898
360
697
303
654
495
250
964
488
987
652
708
627
918
951
609
971
364
11
414
691
672
792
125
762
368
901
289
630
190
673
438
112
495
563
165
765
5
631
934
484
739
122
916
654
204
680
462
788
206
580
129
886
937
138
495
469
800
53
177
772
347
343
656
245
22
596
278
283
59
150
354
848
525
884
38
525
971
223
334
10
655
463
595
846
463
381
533
737
320
882
681
746
931
406
16
357
778
625
427
232
564
304
528
853
531
747
162
886
508
950
744
308
444
727
965
714
946
693
557
297
75
486
775
843
841
218
485
112
798
606
930
91
983
531
197
804
487
326
307
879
921
611
855
822
671
884
338
513
172
248
257
412
405
84
52
321
679
169
645
680
800
650
272
572
489
248
10
844
477
260
887
5
300
468
49
776
247
164
2
40
268
659
626
899
483
870
574
824
811
625
443
12
994
200
8
328
994
668
740
830
616
97
554
475
866
691
760
149
651
163
494
548
330
973
31
201
202
930
822
440
910
85
136
450
822
800
849
284
592
471
888
385
833
522
173
205
12
279
74
328
393
248
462
815
338
80
264
774
273
647
952
100
480
982
3
380
133
226
486
249
445
267
268
291
833
747
783
16
751
532
616
392
827
463
750
911
468
519
808
886
647
603
537
353
822
610
325
677
381
61
387
672
180
4
892
30
449
224
4
166
432
13
812
683
749
440
273
475
150
319
556
274
708
978
175
450
602
338
591
83
841
35
18
328
491
502
938
572
804
14
822
289
81
944
765
649
733
459
401
851
784
874
148
106
428
544
833
549
127
528
967
835
401
782
889
273
925
794
616
736
442
199
971
420
54
74
364
189
634
613
180
555
490
661
334
531
292
388
165
616
528
169
49
904
87
318
746
649
835
950
550
350
580
785
597
623
17
805
171
962
912
253
284
247
571
189
906
402
298
151
151
783
160
822
137
213
326
155
264
886
118
365
811
103
968
481
92
80
896
681
655
995
382
843
655
949
522
280
193
724
982
703
223
769
134
911
764
997
870
32
356
922
94
527
167
253
75
3
459
910
631
588
9
189
424
853
956
180
653
400
356
385
710
50
684
966
547
641
19
586
10
813
575
173
433
280
387
991
499
830
339
291
843
90
314
81
884
526
389
952
556
987
176
688
355
539
323
279
371
10
29
67
770
665
390
177
202
446
692
528
997
409
719
240
357
900
809
904
103
257
354
300
593
904
166
167
366
209
573
563
380
12
872
33
93
394
119
74
185
190
626
965
687
603
86
453
501
109
481
882
208
40
741
11
533
147
892
121
706
71
726
902
848
12
631
200
109
449
136
895
536
788
336
75
155
799
768
783
703
868
419
854
2
69
946
915
351
634
346
548
647
579
215
371
453
547
799
295
25
694
274
335
941
815
289
46
133
362
672
569
700
595
842
357
456
624
974
196
613
922
356
450
96
517
102
932
674
689
407
875
349
183
577
642
826
719
546
695
385
902
30
639
269
411
261
13
247
342
17
810
54
106
1000
993
4
158
265
241
357
103
251
114
643
81
958
983
526
453
381
416
127
848
529
563
193
340
207
935
301
918
159
926
385
690
751
516
885
8
961
893
917
221
410
952
965
247
632
285
429
475
373
67
418
744
679
555
610
413
881
215
819
295
43
843
651
555
283
314
725
820
274
788
644
627
400
728
448
661
93
497
74
31
676
500
362
829
740
327
807
740
826
486
395
436
258
357
245
514
667
856
556
728
567
527
446
252
389
631
830
281
415
659
11
102
476
141
888
211
458
182
252
516
549
491
368
762
796
40
932
168
545
150
83
36
811
960
508
407
907
741
833
959
222
551
477
596
654
88
23
876
118
856
300
484
200
947
52
347
123
309
920
31
605
875
391
52
689
495
543
222
729
218
812
691
269
438
216
576
785
481
896
559
994
207
239
5
553
115
149
115
24
236
536
709
336
347
912
561
658
6
71
818
948
153
225
981
67
130
771
107
60
103
126
602
477
280
283
657
921
109
416
562
558
875
854
71
689
655
955
581
77
885
109
79
431
130
634
211
481
433
410
280
893
956
690
11
302
218
818
929
420
136
657
75
772
36
980
706
788
226
232
11
141
485
306
160
213
228
674
934
714
214
357
625
175
308
974
953
618
936
944
841
814
753
765
20
572
196
187
192
8
168
243
46
998
276
20
561
622
368
810
852
289
210
189
340
680
874
575
742
531
654
665
570
333
650
923
699
985
714
34
259
643
995
15
807
51
680
516
17
80
249
58
382
822
205
87
340
54
865
249
533
45
825
234
422
471
519
262
598
492
577
607
4
156
284
442
6
182
399
232
160
100
332
277
179
108
211
245
158
397
507
705
471
148
6
617
588
34
519
663
440
508
795
844
197
572
96
46
907
964
74
667
8
386
136
137
128
411
18
4
327
991
775
566
525
707
550
864
226
979
660
184
624
411
548
353
28
429
889
101
56
746
314
429
187
672
160
668
391
465
678
140
865
833
875
466
413
60
954
57
796
31
336
15
866
182
135
821
202
449
871
186
543
211
566
321
392
254
21
380
816
337
628
864
16
564
164
7
699
11
905
379
893
325
129
540
147
998
651
617
495
193
646
722
63
302
417
907
148
955
827
970
550
767
562
346
469
873
841
429
248
826
69
837
260
706
141
78
752
223
420
665
110
61
608
35
806
876
520
890
126
974
818
583
942
312
879
198
893
311
848
710
552
15
564
0
243
9
989
786
808
576
50
263
554
153
146
841
463
109
38
397
963
591
943
101
239
831
36
843
553
152
812
120
330
79
769
552
28
862
809
855
212
702
1
17
14
745
826
925
288
485
398
963
369
847
895
78
952
729
460
12
63
127
773
855
541
426
447
5
320
995
641
819
610
599
810
569
632
110
206
220
936
219
196
230
851
935
866
765
177
498
651
873
2
739
372
78
634
530
807
304
257
641
397
900
216
477
383
950
732
763
940
978
114
351
423
691
242
270
865
158
950
975
831
248
218
353
548
231
954
469
637
276
85
610
738
538
320
291
123
2
196
105
30
274
885
900
936
205
38
258
602
100
721
20
138
847
203
732
950
490
606
206
769
778
31
788
245
516
911
907
626
349
394
751
873
782
664
620
610
814
757
890
997
378
280
793
150
964
531
183
550
620
586
674
287
218
937
5
420
232
616
448
371
746
115
316
85
5
318
796
422
3
181
200
817
394
82
85
964
20
16
465
593
726
57
229
838
394
444
447
414
778
216
192
190
349
810
206
233
586
226
954
162
891
638
829
539
794
518
109
495
509
987
146
757
548
7
58
285
369
220
158
691
65
49
363
680
754
656
189
559
992
71
435
825
189
476
589
79
980
153
2
299
143
974
798
704
54
4
177
131
912
154
56
624
771
797
616
257
818
451
400
952
249
136
444
941
401
236
917
871
687
274
334
515
205
796
464
828
799
264
754
918
5
292
990
821
290
697
6
234
534
765
104
377
58
680
831
16
782
588
297
402
414
1000
865
940
447
877
6
833
939
818
860
24
317
238
42
160
54
242
996
845
371
148
525
956
81
70
535
134
736
112
896
869
696
116
562
179
449
905
6
403
424
259
415
15
910
630
298
994
524
12
196
655
836
95
240
917
563
435
656
159
173
121
793
786
652
763
540
675
91
922
649
419
164
802
22
830
448
997
398
671
353
744
729
475
776
220
605
96
566
333
867
753
74
643
997
860
939
952
819
294
686
667
772
577
13
226
12
744
867
360
563
983
10
851
639
0
913
169
48
809
977
646
20
258
210
803
663
476
324
615
453
331
538
374
37
457
90
881
627
201
176
901
783
739
371
970
47
748
281
384
337
377
509
933
998
359
731
311
976
100
999
791
188
24
295
30
398
493
893
852
339
202
9
520
392
494
781
755
355
978
981
88
1000
339
355
8
131
365
109
512
765
354
710
859
729
729
567
466
381
480
617
800
901
996
551
929
406
318
47
433
97
865
586
23
376
104
417
334
661
543
391
196
7
454
126
718
802
428
649
672
134
524
568
345
741
722
123
889
624
146
777
25
755
684
156
3
478
922
211
556
10
278
419
939
924
440
890
300
596
800
994
311
327
206
405
425
9
95
162
821
326
588
337
11
650
834
21
190
297
749
535
242
92
753
532
387
278
103
798
312
25
173
71
723
290
593
983
349
548
233
238
17
921
987
673
905
512
55
312
962
849
791
413
57
615
130
601
416
469
681
414
752
388
372
819
851
888
289
177
213
142
806
498
528
70
819
815
4
833
552
167
34
241
293
441
104
86
53
374
801
72
474
542
54
110
364
160
575
671
513
766
483
672
844
294
256
546
555
315
504
477
789
25
627
855
917
63
10
826
535
602
680
610
918
867
571
485
619
185
455
879
689
417
955
897
417
304
111
880
908
639
331
182
789
664
326
651
316
778
405
430
78
290
152
347
202
745
239
643
758
224
9
399
921
217
464
54
374
26
226
656
907
302
272
490
180
886
95
721
583
256
230
353
577
932
613
204
202
907
465
264
747
2
934
118
485
850
965
244
355
110
868
591
270
3
971
438
135
772
350
35
530
690
748
176
273
542
9
239
246
752
271
955
780
525
584
52
208
275
964
845
828
394
21
985
591
101
590
649
550
794
862
803
365
68
781
344
571
607
434
425
209
339
15
400
257
67
710
566
902
219
229
95
878
501
454
414
100
420
870
759
514
18
916
987
768
70
383
321
948
121
594
2
954
185
797
469
511
410
101
663
585
484
229
659
345
300
922
888
520
568
51
325
727
65
41
892
172
472
370
102
344
361
402
806
347
53
821
898
531
458
122
401
6
339
251
126
645
828
534
936
948
794
938
245
188
555
673
86
609
746
691
625
509
249
7
216
460
786
52
334
425
12
617
190
788
251
235
618
908
523
341
158
499
557
519
167
888
433
808
811
634
221
647
440
965
239
140
590
870
1
122
473
109
639
219
759
130
488
975
559
857
932
109
618
345
909
348
928
485
202
426
743
622
185
290
373
961
799
858
830
230
550
523
188
7
5
371
301
456
109
310
710
722
576
124
591
430
178
256
86
713
587
516
514
436
114
595
309
364
353
908
853
628
288
31
599
36
781
783
50
797
237
870
469
330
181
610
519
791
661
636
388
494
2
561
15
132
347
735
190
138
267
555
608
136
12
612
589
70
273
565
889
316
149
637
173
97
617
199
466
452
610
521
284
788
903
102
279
460
35
638
35
46
646
788
942
7
702
548
3
935
476
906
333
648
323
650
487
399
647
569
927
765
847
974
667
391
3
769
12
710
692
706
835
694
673
46
837
191
368
956
769
466
351
40
12
539
710
850
520
543
143
611
832
106
818
858
402
807
470
910
32
38
536
425
25
849
952
904
929
986
711
977
274
835
352
29
331
18
797
788
580
907
721
803
910
29
770
646
816
33
19
274
128
436
745
965
551
956
610
883
101
675
2
313
958
313
961
559
934
156
770
619
908
390
677
976
129
837
187
612
599
812
977
208
613
396
858
667
946
686
326
511
296
561
272
131
578
531
737
76
275
517
519
813
394
343
95
337
922
307
458
964
170
518
22
537
95
910
606
846
906
634
169
577
845
974
980
363
337
767
876
317
710
892
745
474
356
923
916
603
524
495
468
135
905
666
618
483
116
874
897
897
497
17
891
48
411
82
757
441
792
44
732
925
947
752
607
226
709
340
266
5
157
363
932
547
333
91
637
311
51
170
584
119
868
507
595
413
431
461
876
738
628
384
131
0
689
991
616
375
167
409
727
952
2
699
865
90
915
390
739
3
9
894
699
832
622
856
587
424
436
352
310
414
514
777
286
12
145
201
90
888
102
108
322
47
252
262
898
913
855
487
749
913
127
374
538
270
115
909
824
747
795
573
615
585
842
164
183
367
684
377
864
472
757
529
558
923
549
305
49
254
15
967
281
785
645
17
492
68
987
151
728
265
269
484
496
760
438
969
669
73
237
245
312
465
990
804
17
42
263
760
674
549
374
265
918
26
750
707
7
8
82
906
1000
916
930
794
715
547
446
191
849
123
403
792
177
48
176
116
738
846
323
718
996
471
450
358
301
127
582
793
212
160
332
359
886
799
773
577
664
985
470
156
904
31
297
332
294
1
653
549
670
901
983
188
485
552
817
610
560
507
754
311
15
444
646
293
731
924
144
563
891
16
869
866
692
320
628
4
596
971
559
785
925
719
707
623
407
694
359
992
725
878
850
362
377
810
987
245
858
508
129
629
500
49
774
174
927
347
234
894
835
810
267
276
266
474
499
722
116
682
938
558
566
313
744
55
209
740
3
880
239
10
327
864
942
391
777
357
803
995
135
963
976
186
335
466
484
874
205
980
366
374
897
965
223
505
125
111
244
367
939
693
68
154
53
621
569
955
446
20
517
813
655
253
890
145
686
119
551
899
166
449
32
860
967
695
257
43
216
158
885
680
422
915
462
823
864
191
646
13
4
708
817
977
248
430
919
59
970
249
769
290
446
334
560
189
242
916
554
170
518
757
482
564
300
813
289
338
995
666
605
795
99
335
399
391
767
84
224
729
125
79
592
850
220
117
520
509
827
586
301
0
702
597
616
984
547
817
684
651
832
841
223
832
428
369
356
213
525
884
582
680
777
532
107
89
86
170
79
530
777
201
217
868
101
132
169
991
328
418
788
285
385
738
373
127
771
959
944
54
632
265
893
928
440
880
998
302
371
211
496
64
311
749
766
973
313
733
881
850
446
27
169
904
372
543
744
552
4
874
675
732
945
84
510
532
445
242
904
827
237
494
123
117
880
865
639
329
903
971
771
131
529
231
594
231
257
764
550
408
894
369
615
571
747
194
227
798
771
441
808
810
587
526
190
260
84
611
224
936
975
752
803
729
278
856
631
5
724
757
925
208
935
603
969
602
138
986
396
94
188
78
270
439
150
172
407
223
944
348
5
684
115
516
87
737
769
566
236
20
495
483
355
624
714
863
22
641
574
890
741
729
590
927
405
776
820
380
515
330
149
600
958
852
685
335
354
567
402
652
323
863
517
124
284
91
282
46
722
49
927
165
517
895
425
450
879
124
116
862
969
622
181
417
3
515
363
14
842
889
409
27
886
41
392
721
545
560
341
289
479
24
499
684
840
430
58
112
792
888
87
581
354
728
675
618
344
914
141
236
881
774
28
218
561
465
129
826
699
115
568
338
64
540
54
555
176
260
68
887
604
324
651
942
903
740
472
630
93
186
753
790
939
346
589
490
512
940
369
184
251
925
567
199
238
939
648
683
755
834
969
246
719
789
597
139
881
416
567
72
678
370
226
79
266
603
592
10
568
502
407
143
568
460
438
749
999
800
522
833
226
450
703
430
96
119
157
66
63
307
930
171
499
682
46
793
801
98
529
527
802
291
503
562
332
143
746
7
753
581
601
401
745
295
746
339
204
10
652
925
501
313
381
700
305
404
898
990
379
331
358
948
582
171
284
935
61
737
713
552
517
602
566
745
253
433
797
865
29
953
6
595
122
718
608
514
377
462
456
563
416
899
367
569
421
194
455
326
361
232
72
189
421
696
13
806
9
467
607
272
238
373
641
330
493
801
421
213
964
508
771
815
644
420
12
580
554
693
163
981
175
63
158
808
968
416
59
179
2
297
380
951
42
750
914
487
377
725
572
547
4
609
486
192
568
982
280
657
497
970
660
752
672
423
57
596
668
615
674
534
783
340
324
672
760
209
343
982
147
632
270
90
625
36
39
213
685
773
96
336
79
433
247
324
638
485
227
640
91
312
802
917
856
586
721
217
757
715
373
201
802
18
889
180
759
557
778
904
943
803
187
368
2
110
824
910
555
715
290
695
562
188
86
785
884
368
58
950
178
550
816
491
13
328
888
15
325
2
637
718
993
550
654
237
192
855
891
498
0
770
585
871
982
580
18
810
332
845
230
880
605
647
747
653
567
882
776
976
700
530
125
24
344
71
556
308
860
810
389
722
175
36
525
357
586
109
892
135
31
533
285
113
44
602
105
773
623
898
896
406
99
845
683
609
453
924
0
642
589
889
450
300
832
602
136
758
31
170
587
841
605
204
850
237
222
381
737
712
160
97
844
97
778
961
848
15
336
576
457
222
124
820
20
574
250
233
154
11
230
817
165
324
802
933
20
957
349
31
878
546
730
982
197
387
375
459
211
741
232
68
576
381
576
966
574
772
125
499
9
493
655
999
227
348
5
616
780
15
377
851
369
560
208
733
11
23
72
787
600
908
169
728
440
718
461
718
415
412
188
252
905
762
8
560
941
582
991
557
853
173
537
222
291
343
794
384
375
84
264
22
97
795
122
648
570
170
3
297
496
330
826
673
329
231
577
79
973
815
802
917
728
527
405
225
953
110
840
459
110
532
281
328
715
26
870
30
184
425
621
539
933
401
129
700
301
367
785
183
463
195
86
548
596
187
955
296
200
632
77
915
177
923
671
131
161
228
301
524
184
1
4
875
765
822
783
868
45
1
937
604
223
431
604
246
365
170
47
842
256
631
2
227
697
486
660
608
244
798
871
662
926
480
209
206
336
552
422
218
272
481
369
592
152
471
75
715
276
388
512
537
681
314
884
878
707
58
433
72
55
348
17
36
582
378
232
857
785
244
971
87
193
106
243
659
768
869
308
318
905
120
940
157
411
524
808
294
686
234
304
50
662
391
16
321
113
123
699
489
227
912
482
401
268
256
691
291
531
82
18
337
618
607
997
34
819
624
448
729
816
250
816
439
534
970
293
400
305
781
138
470
497
236
288
956
221
72
505
742
560
509
115
752
215
236
374
998
649
437
834
903
423
465
259
285
799
812
465
134
535
948
663
590
823
485
636
343
752
985
460
710
683
513
861
969
214
31
786
858
151
837
483
508
255
12
692
943
458
327
956
886
494
61
877
955
908
239
522
315
706
892
862
996
711
411
113
270
91
550
5
597
144
230
542
609
166
147
811
515
108
209
177
450
671
631
455
654
578
981
515
248
998
659
112
872
774
716
858
870
661
277
745
708
599
205
326
253
930
655
51
322
41
987
651
350
826
881
217
550
287
282
730
923
876
995
248
193
425
268
183
778
832
839
412
619
807
8
62
545
905
860
276
811
33
10
745
951
982
517
789
1
537
259
504
373
752
391
918
6
469
358
487
74
438
518
525
99
218
384
653
531
905
616
45
492
388
636
918
33
623
617
895
487
731
804
435
840
695
772
422
321
542
429
803
770
740
817
214
553
517
675
139
909
669
3
516
492
972
134
746
691
680
477
893
611
153
589
838
171
945
713
608
501
296
694
165
801
55
621
645
632
680
1
383
681
761
685
462
840
6
695
471
867
984
892
557
815
799
544
598
967
359
997
745
426
100
570
700
860
929
835
753
832
215
210
0
931
360
1000
659
944
110
693
860
186
251
566
291
187
934
937
374
922
981
295
21
229
576
150
809
360
522
320
216
275
485
99
939
648
436
488
320
473
277
119
217
853
953
601
853
42
188
665
99
52
251
226
984
348
31
538
672
482
577
100
517
963
450
208
590
403
845
775
832
190
290
329
747
724
813
860
386
584
633
786
58
422
184
408
937
537
806
8
993
876
313
267
740
403
693
772
640
799
399
906
441
325
735
399
340
544
378
121
22
273
479
710
492
569
165
772
421
149
48
553
874
333
187
211
603
306
750
558
831
309
696
49
642
315
954
296
871
925
706
381
398
170
15
27
770
338
844
11
466
116
513
905
286
748
247
458
520
598
462
422
308
570
457
631
0
360
282
205
420
365
410
536
893
862
185
306
616
802
367
450
97
299
335
276
787
264
332
849
809
345
731
866
774
873
83
784
528
191
157
772
597
142
725
620
134
817
895
2
66
371
715
0
989
947
434
259
365
926
410
765
136
199
203
149
417
518
861
604
0
454
128
314
794
333
417
867
407
900
785
138
900
17
463
806
111
933
283
742
575
674
325
857
97
810
671
976
549
724
128
778
171
384
953
284
897
315
544
452
824
661
426
206
682
857
67
621
679
349
596
974
529
228
319
9
4
373
463
370
589
456
847
226
721
196
466
328
237
87
123
710
904
203
66
434
720
768
998
377
903
567
716
615
633
766
968
713
659
602
832
922
247
15
874
95
254
200
65
636
55
757
161
572
94
254
118
666
208
974
623
666
295
805
224
505
144
112
5
982
830
951
549
934
656
107
220
807
882
702
555
479
973
349
632
632
309
875
550
704
117
766
100
118
447
464
629
313
263
955
238
495
317
866
880
73
737
364
834
780
662
176
495
923
304
703
74
251
373
179
475
454
349
93
144
647
436
256
692
967
584
112
753
146
871
619
792
434
293
921
696
318
165
856
264
217
1000
20
245
512
996
31
455
136
9
756
730
649
265
653
264
170
112
176
641
254
284
502
773
9
436
877
637
519
239
406
469
11
151
575
320
918
586
191
627
605
88
554
733
976
723
140
569
977
244
905
419
38
161
414
342
148
209
406
188
75
434
89
934
174
950
991
130
29
888
285
125
472
974
732
752
766
394
209
261
200
172
743
609
738
18
516
213
103
707
693
677
17
613
127
208
425
352
902
29
824
468
328
731
59
23
664
50
69
100
844
741
516
261
285
811
404
962
887
284
1
793
703
224
868
307
545
683
773
958
800
513
573
964
31
204
415
824
980
572
876
161
800
270
953
333
68
760
535
492
185
918
812
332
283
493
65
486
434
774
717
384
21
625
521
47
119
99
472
76
789
31
918
10
931
415
435
793
804
272
519
9
39
741
727
168
174
610
304
674
808
619
592
517
1
855
494
6
302
384
587
628
171
640
962
415
908
531
161
132
656
96
108
123
280
284
95
457
484
126
526
97
195
255
764
257
879
792
554
638
643
283
900
93
198
317
758
559
242
13
238
411
337
703
496
348
132
93
632
95
861
753
492
109
167
107
718
341
257
399
675
585
288
684
907
248
380
181
735
362
441
285
297
396
642
293
874
627
713
376
13
808
614
226
152
617
18
453
903
84
841
346
447
948
236
520
463
8
508
158
737
338
830
551
616
577
457
37
670
207
679
833
913
408
997
725
554
930
932
938
829
811
488
712
791
103
320
781
970
319
137
246
166
343
83
64
741
921
808
709
7
590
218
397
27
298
822
370
157
68
743
874
389
139
477
237
88
430
954
417
852
477
516
128
435
116
404
726
651
166
464
834
843
597
231
681
378
34
72
586
162
11
888
598
468
686
695
357
9
721
131
4
465
325
467
478
616
737
880
894
124
99
11
220
442
856
803
240
219
313
809
172
1000
744
792
707
219
346
923
779
948
10
697
214
916
832
473
316
2
730
578
547
776
469
516
370
403
846
149
37
158
451
234
272
105
20
761
553
81
125
674
205
469
178
293
483
729
13
960
532
65
775
313
906
284
931
216
327
325
70
713
18
532
583
91
949
662
599
151
465
846
46
527
736
412
143
117
234
652
861
644
870
169
190
672
169
6
280
187
797
943
751
340
875
898
477
181
559
653
73
921
3
183
677
7
780
172
21
434
903
0
144
429
919
659
274
1000
878
914
191
217
993
478
613
823
36
75
971
396
404
216
16
862
80
665
242
13
312
817
901
268
824
844
152
345
30
599
611
107
263
101
444
928
758
281
863
437
293
665
546
507
677
255
630
626
320
578
173
914
718
240
782
578
135
920
500
647
771
173
287
872
8
129
183
486
646
858
482
178
639
554
941
437
293
998
238
591
218
487
320
932
692
782
637
216
211
974
125
250
524
21
847
250
295
35
773
408
510
336
498
292
908
119
738
270
413
934
559
942
59
576
4
100
11
756
159
300
154
733
85
218
198
440
543
6
136
802
940
146
919
144
781
533
117
715
831
823
548
208
867
836
253
189
146
436
717
881
487
802
62
220
322
498
281
152
797
792
764
671
135
426
968
329
638
522
28
646
360
151
863
696
696
635
5
768
125
283
636
147
378
329
190
462
841
177
18
203
289
717
328
660
684
10
610
688
73
874
604
468
476
116
110
0
587
167
708
527
835
334
587
452
804
618
11
898
120
1000
372
609
913
449
771
770
284
250
734
635
206
273
788
138
474
467
287
645
152
216
5
386
442
685
386
601
272
390
140
849
672
965
367
406
718
353
531
858
813
42
423
171
518
82
375
27
969
516
990
190
506
172
382
105
674
625
352
355
445
923
470
44
727
684
948
921
485
945
884
366
365
733
11
478
333
184
262
698
425
497
651
348
95
717
905
102
450
318
162
973
13
927
785
773
129
506
554
981
354
41
42
923
529
64
541
646
45
273
729
474
779
945
69
569
410
678
843
266
375
35
842
138
827
31
409
929
211
475
876
725
204
2
307
290
95
901
732
243
657
101
686
564
712
688
634
585
497
755
218
36
692
628
318
565
856
21
890
596
0
563
154
546
477
182
16
90
471
2
459
899
353
245
697
935
356
356
954
346
980
533
795
801
432
758
323
150
723
50
50
192
293
618
204
141
188
865
936
953
261
137
264
711
54
694
740
728
971
631
738
802
833
544
289
521
440
978
573
957
389
165
325
443
558
817
2
775
151
959
665
886
164
984
185
741
50
776
325
227
144
375
821
618
549
414
299
867
564
652
349
414
265
54
888
121
131
394
893
360
997
451
653
887
500
596
577
509
856
441
70
549
1
243
13
636
525
71
987
609
574
636
529
934
229
20
239
474
604
336
822
926
612
717
733
128
329
37
390
876
900
345
397
526
10
860
764
689
91
4
675
886
0
880
423
638
845
104
850
711
187
655
157
627
429
877
309
371
505
115
262
695
967
644
749
60
677
312
478
305
560
113
73
354
295
627
941
274
988
328
761
623
62
668
719
26
230
9
769
39
637
571
838
105
525
480
36
149
369
235
106
538
500
388
241
380
777
788
900
437
9
706
35
437
835
964
931
227
741
480
281
217
843
232
482
880
475
465
112
567
852
309
127
761
338
101
70
810
468
388
27
2
155
422
440
601
854
630
51
764
880
595
250
219
686
659
190
550
488
63
475
549
334
527
748
772
784
216
518
110
880
146
540
642
363
396
277
756
53
739
834
367
808
348
410
336
151
557
685
409
417
6
368
626
245
741
366
585
430
140
249
167
372
97
215
317
710
616
899
674
659
241
47
489
237
806
355
75
389
304
824
915
477
22
542
131
440
633
554
998
855
10
727
820
526
178
771
495
134
15
425
494
813
359
278
716
584
578
614
814
816
840
401
557
176
108
967
26
157
452
816
613
250
837
727
674
198
778
118
602
245
456
234
68
260
3
380
300
233
686
192
956
106
948
878
396
293
989
142
163
30
709
135
307
686
651
199
162
951
813
636
807
442
979
932
135
140
923
965
448
736
816
931
28
7
390
979
851
933
329
85
825
823
796
919
409
863
711
938
892
825
161
315
278
176
687
691
817
538
808
920
835
96
640
892
195
2
120
736
0
782
68
314
222
796
828
910
432
972
491
211
837
626
897
822
805
8
556
555
674
947
843
484
275
819
707
630
46
371
252
874
83
353
865
918
880
486
480
45
658
377
77
839
245
347
418
674
79
326
163
301
858
212
44
532
493
911
35
17
595
271
304
874
292
153
869
126
950
555
859
268
857
653
984
362
655
438
248
720
767
640
587
888
689
700
145
354
896
274
121
668
697
333
192
410
102
357
838
867
902
88
747
79
381
512
19
578
836
3
500
174
96
533
376
633
112
800
651
1
147
521
515
392
839
422
782
444
24
8
158
17
185
104
222
188
718
394
419
3
873
234
210
102
643
454
544
543
66
408
585
180
457
415
927
975
873
387
115
16
88
608
894
216
366
930
314
374
447
43
10
811
367
911
99
424
162
829
9
524
793
619
49
361
285
338
283
741
274
707
353
619
973
263
232
145
12
589
618
877
38
611
833
551
543
171
308
337
64
628
490
748
772
585
90
545
490
825
528
763
151
666
962
524
842
246
760
957
827
268
530
585
224
688
341
60
147
962
282
942
627
538
361
869
920
703
714
277
257
276
359
620
810
900
386
824
258
793
663
302
127
837
271
576
496
739
579
454
71
720
456
23
716
798
56
666
692
69
255
908
948
679
853
703
1
535
605
47
344
733
206
803
715
824
591
871
796
33
59
566
743
922
161
173
220
434
135
357
604
782
481
742
269
679
493
114
955
867
827
484
925
957
606
315
70
206
57
94
715
6
262
135
637
7
251
93
608
524
199
947
987
437
907
604
98
783
616
14
490
768
889
580
760
559
428
159
46
868
402
1
110
239
458
71
816
190
372
32
187
597
611
135
95
703
730
684
977
337
171
438
67
669
243
148
343
605
383
43
679
877
74
481
701
977
973
89
765
555
425
885
697
131
718
224
400
195
7
797
995
252
483
191
542
398
368
574
263
64
411
959
227
454
479
325
367
891
510
457
252
557
643
913
331
243
845
902
974
620
767
8
614
924
307
339
719
11
532
139
991
863
197
138
205
404
989
881
524
632
388
466
568
880
174
785
391
76
576
753
676
813
20
912
17
827
537
886
124
491
203
494
365
452
472
181
839
859
703
357
880
327
907
49
871
384
434
133
243
250
2
306
524
99
174
6
370
77
114
477
537
618
683
331
759
375
7
7
160
318
8
763
810
385
760
365
444
393
0
393
388
515
854
260
444
637
386
999
318
854
55
838
594
397
710
282
363
187
956
361
180
210
334
983
924
385
277
371
745
321
123
591
188
397
909
789
568
510
904
357
343
887
187
85
633
797
623
811
553
377
664
653
502
235
217
14
394
725
395
580
686
231
526
551
460
752
510
908
14
672
548
171
934
512
954
761
659
928
911
131
785
502
342
18
971
621
785
966
384
708
375
563
121
131
621
45
799
87
156
161
454
562
662
778
73
253
459
309
528
626
219
803
201
333
802
992
394
217
160
826
516
173
625
13
279
65
433
963
279
175
943
63
1000
653
450
58
532
22
722
774
216
583
141
557
447
852
71
409
43
763
226
455
214
379
848
416
368
320
950
572
5
946
280
773
583
447
315
861
898
401
245
830
1000
274
181
222
227
181
345
188
20
553
546
500
417
766
26
131
579
70
388
279
271
426
894
162
13
876
193
65
468
772
61
238
257
460
238
816
735
406
596
446
690
163
225
268
377
932
759
738
640
17
548
568
243
20
329
109
433
323
336
128
154
484
861
325
236
678
949
84
630
394
288
590
750
225
26
751
228
369
280
42
450
921
35
983
591
621
581
340
729
577
920
841
117
801
744
705
690
800
483
429
653
557
423
0
408
257
799
549
913
527
551
58
193
554
194
36
955
155
607
748
968
103
862
264
709
251
631
249
677
690
326
813
390
482
938
203
0
652
728
541
475
677
296
143
177
616
926
461
420
422
400
483
595
641
598
537
859
125
501
587
348
438
476
389
679
998
762
515
5
156
766
18
503
46
344
897
22
843
608
806
227
323
685
966
84
113
906
423
572
966
383
934
633
56
674
221
1
741
76
967
541
639
226
90
605
939
148
408
978
224
982
615
969
829
22
123
30
170
924
518
753
784
456
229
53
572
534
176
617
765
56
295
124
436
448
273
828
830
942
188
499
984
528
702
114
651
669
389
435
708
303
419
643
372
282
338
673
12
547
707
731
727
28
128
872
644
259
754
735
269
13
207
990
366
866
830
331
342
148
776
347
411
693
776
12
700
68
151
924
889
34
849
361
223
420
605
629
947
16
764
69
855
720
722
296
857
94
901
25
299
723
679
111
878
662
834
182
438
308
29
201
45
21
292
282
398
990
446
967
974
790
164
5
676
452
983
15
666
660
919
803
982
515
620
705
373
869
784
720
808
366
485
121
5
795
0
628
804
249
280
217
366
316
129
252
926
547
452
217
233
465
274
303
660
46
655
104
577
821
978
88
586
855
351
717
403
495
748
480
604
3
211
560
782
40
392
518
932
237
680
912
1000
919
176
110
588
12
644
322
966
867
434
336
989
905
881
419
881
798
835
256
75
813
216
676
133
803
262
78
509
144
431
797
945
190
149
908
152
423
385
887
562
389
619
263
163
722
856
307
652
110
120
737
24
683
17
842
163
814
302
561
596
483
797
989
3
542
166
703
876
148
29
645
567
22
521
59
424
426
486
884
119
263
220
71
115
302
574
802
937
629
156
624
751
358
118
545
85
73
392
334
545
296
608
459
200
332
356
782
545
25
835
31
213
477
995
866
882
726
59
561
897
972
982
147
77
170
834
326
483
55
215
892
1
637
538
241
562
865
34
600
915
819
943
816
973
307
962
38
735
817
171
536
210
184
247
303
249
784
469
189
942
598
390
703
5
204
286
323
713
443
74
406
717
719
116
193
692
947
626
874
759
445
378
561
430
602
938
421
400
653
320
871
684
17
847
407
492
653
38
749
567
463
8
684
344
300
343
788
523
301
839
472
23
699
248
890
205
173
618
300
848
343
38
33
17
854
674
728
277
782
481
421
672
599
297
818
632
823
450
703
755
252
302
224
327
732
328
867
384
342
638
350
851
626
505
326
500
190
885
405
164
901
139
113
785
832
919
702
623
52
164
848
896
250
306
292
116
229
282
62
838
367
425
451
966
511
452
313
670
398
903
856
251
339
774
245
268
612
1000
208
425
96
270
266
568
127
117
379
562
789
727
834
894
52
903
653
561
984
742
504
329
264
922
478
112
566
758
962
86
995
36
8
760
100
19
556
550
631
435
214
415
665
494
473
158
746
821
413
186
550
662
820
921
847
90
733
886
902
771
880
531
799
925
933
241
823
11
303
861
265
614
86
217
46
815
486
365
73
740
744
911
390
519
657
419
733
936
101
153
885
413
583
306
416
518
189
817
925
505
174
506
20
804
588
443
321
385
116
838
66
405
464
201
834
147
906
759
985
339
893
879
887
834
569
739
73
869
222
929
312
77
788
226
669
371
744
145
34
92
576
781
997
17
754
382
801
169
471
927
45
274
39
284
12
343
312
644
585
768
993
958
719
672
520
108
973
186
629
647
5
135
728
619
695
811
847
322
646
844
608
758
697
228
33
450
61
794
726
703
727
744
435
546
421
609
15
657
973
898
161
179
240
542
773
479
643
225
242
469
199
722
35
395
618
346
859
346
843
429
854
770
701
569
911
486
888
105
188
420
748
54
211
404
923
426
514
560
732
985
495
597
662
651
593
209
753
311
645
314
175
40
222
445
908
926
747
818
167
785
740
882
859
858
293
172
466
3
869
816
112
686
893
803
75
549
630
534
202
217
126
751
51
826
481
593
640
17
12
893
711
671
184
564
80
708
11
924
751
452
284
417
789
325
836
263
735
178
7
0
644
31
488
543
208
941
64
361
995
159
861
97
224
716
325
124
373
363
516
775
13
381
705
244
593
78
507
259
638
441
809
456
135
428
855
945
475
702
290
126
290
183
696
528
701
610
485
267
875
608
655
562
952
30
609
747
442
967
688
544
683
95
704
256
485
525
543
967
7
273
291
645
628
202
589
41
709
927
805
945
170
347
898
387
589
713
417
668
857
803
421
682
369
917
347
835
709
249
303
692
285
147
506
925
915
971
539
983
579
679
524
530
8
58
723
193
52
427
550
898
401
261
726
573
279
19
1
824
556
637
735
39
791
154
38
673
362
744
922
445
311
848
985
35
484
483
489
490
912
938
388
756
794
420
55
536
595
217
199
684
671
47
269
918
537
760
817
272
136
747
880
301
190
821
260
777
309
918
908
656
351
439
411
228
466
677
267
359
407
196
262
607
59
48
170
554
820
230
354
762
880
116
571
196
689
124
172
12
480
359
120
163
273
803
581
399
125
308
998
850
843
560
119
940
361
432
7
448
241
113
417
226
965
252
422
234
176
655
207
546
16
38
709
892
62
524
886
530
358
979
233
334
802
794
171
780
136
396
622
870
499
161
157
632
738
37
15
695
869
779
445
147
683
245
879
729
12
699
923
252
920
962
191
751
531
459
652
742
187
536
964
226
961
886
385
465
662
554
201
727
347
847
736
772
451
596
778
161
640
999
139
816
864
943
415
582
852
219
159
358
816
422
690
8
234
490
281
454
362
705
986
40
90
224
69
983
179
152
123
693
810
734
174
312
403
867
486
264
627
599
664
580
719
823
420
814
580
856
630
15
128
221
743
409
102
655
904
581
14
469
704
9
131
664
126
576
441
891
995
319
2
409
414
920
321
18
5
461
601
483
354
801
975
963
28
563
359
518
896
796
139
13
999
961
14
247
925
107
469
834
368
271
363
665
257
413
375
482
406
865
223
140
797
783
633
821
258
662
607
232
284
535
90
352
426
995
974
705
634
554
586
856
616
954
302
569
805
253
307
480
439
74
236
500
95
384
237
357
878
330
610
493
196
267
947
159
19
92
118
487
135
355
180
479
457
884
18
541
413
935
418
691
317
602
59
5
217
626
819
485
9
623
716
347
261
490
555
786
939
953
182
775
897
430
375
370
298
445
685
226
468
209
103
654
962
468
931
327
553
197
629
124
655
279
933
993
563
856
953
525
929
835
749
265
780
249
938
737
403
781
670
403
700
536
336
117
401
623
4
860
989
497
148
855
436
643
817
884
332
167
915
783
556
766
31
438
122
149
201
179
153
971
494
63
699
682
766
409
994
852
880
65
89
448
735
736
852
180
623
805
39
176
31
362
481
35
762
782
977
719
141
582
172
81
665
39
994
191
716
365
631
807
957
258
94
334
26
185
1
899
181
338
215
565
654
61
652
212
834
418
650
357
881
444
367
292
206
11
101
790
393
863
377
602
123
475
819
536
314
281
96
680
850
565
438
791
27
287
279
635
292
704
205
361
964
237
357
149
949
589
833
986
662
690
977
110
257
232
998
207
648
642
285
82
761
119
946
820
45
951
294
477
814
250
421
22
798
915
762
915
929
527
13
730
563
570
545
862
930
518
649
295
0
229
377
657
448
635
375
690
674
690
166
294
453
397
604
367
644
122
842
578
758
345
856
474
678
838
962
479
112
601
759
536
708
52
735
415
13
377
491
548
159
153
798
96
460
276
395
295
239
559
802
279
908
526
649
264
965
822
835
949
360
787
1
815
637
359
843
813
55
318
489
298
237
905
0
875
589
901
485
506
99
407
256
236
664
179
702
288
954
34
209
293
962
57
373
383
660
411
742
346
447
22
789
321
856
454
712
229
895
457
416
742
212
145
681
44
992
759
213
964
155
290
114
778
321
467
683
795
237
395
642
123
530
58
391
214
429
686
21
698
622
582
410
240
201
528
809
755
378
396
901
380
234
123
497
26
700
160
605
689
210
654
905
403
150
287
644
406
710
206
192
680
272
927
289
891
777
246
173
534
971
849
172
926
553
843
644
977
165
865
198
96
200
829
151
480
655
242
899
887
952
456
279
491
728
836
156
12
344
54
493
741
889
383
940
1
935
6
318
658
35
382
923
946
531