66
675
896
959
17
336
93
162
35
234
284
668
488
976
670
409
691
406
934
152
553
100
946
805
530
403
322
659
894
88
85
571
278
920
30
33
26
125
753
884
511
545
222
387
521
949
746
323
650
492
122
505
870
546
123
818
267
347
922
865
93
228
351
19
977
127
692
53
458
294
781
998
502
515
420
940
266
524
83
282
824
23
101
313
676
25
225
897
290
0
44
511
225
177
93
198
895
881
739
944
410
911
506
849
680
663
588
19
462
993
500
127
964
79
896
326
663
408
179
91
307
836
894
625
683
144
37
242
938
814
137
589
88
501
355
419
646
407
490
30
828
639
525
252
690
781
374
462
67
863
968
152
100
138
967
611
331
338
263
21
169
199
748
613
576
633
712
409
462
941
103
972
567
91
424
304
463
741
533
167
818
990
178
648
154
50
955
399
492
402
16
487
908
981
211
966
924
63
740
721