318
204
266
864
243
612
444
32
154
829
482
510
435
22
507
532
664
487
811
33
380
501
332
669
651
277
6
561
120
556
448
497
798
619
589
95
864
993
327
12
347
530
994
710
88
632
995
665
316
114
963
884
179
446
674
952
600
676
53
971
157
792
113
364
529
168
562
832
507
428
664
149
990
702
77
20
466
815
472
723
53
997
387
459
983
464
642
926
856
696
765
22
167
361
28
314
254
554
880
499
619
45
905
950
939
558
948
973
231
6
745
750
171
750
682
322
380
756
310
160
230
378
888
777
335
125
650
221
976
76
189
424
953
826
593
371
640
782
143
127
283
880
810
455
948
347
559
421
97
232
35
209
947
199
16
915
128
362
143
436
404
672
131
726
357
48
213
384
75
982
293
197
687
758
834
668
799
254
988
440
644
370
359
618
14
170
617
974
775
56
714
227
755
769
454
982
632
642
309
983
597
197
75
797
636
254
221
450
185
799
264
276
719
413
56
132
555
246
237
531
772
984
285
192
254
345
41
186
236
390
323
980
290
630
500
46
616
973
94
917
422
118
603
161
627
235
671
749
988
93
789
625
360
455
437
759
505
531
43
700
499
267
45
692
551
231
837
458
469
293
761
836
903
68
141
633
4
20
580
167
177
970
158
65
988
512
644
0
402
245
710
331
759
636
84
21
761
311
776
230
977
14
996
887
32
304
968
818
427
385
827
982
961
302
913
148
128
928
122
601
80
478
300
645
680
580
949
914
387
485
713
771
292
802
971
398
919
494
929
211
547
198
828
430
963
973
201
753
58
328
23
637
412
40
132
498
140
671
282
696
252
954
881
735
86
878
302
7
238
896
92
857
76
790
753
703
217
553
995
381
769
167
122
147
165
563
232
507
775
535
120
486
739
14
769
304
712
228
64
90
798
764
809
451
606
429
923
26
408
9
253
406
666
119
810
781
833
694
2
731
462
187
5
677
211
725
472
416
876
684
772
96
285
434
11
966
280
347
114
52
528
18
273
930
15
969
127
3
450
608
179
657
966
854
915
631
984
453
192
177
61
506
224
883
768
307
401
841
812
207
950
348
156
766
697
450
370
912
216
701
478
844
339
638
526
220
979
789
784
708
812
914
497
710
445
0
224
662
657
560
414
228
366
658
38
129
944
122
384
42
940
549
825
396
227
4
435
140
674
861
31
76
481
67
12
429
780
382
4
311
689
842
373
180
305
18
17
116
484
530
90
710
298
653
380
936
221
236
625
39
885
397
886
579
447
179
20
599
360
525
662
241
486
328
174
519
723
688
628
957
85
822
761
673
534
839
130
468
582
416
468
378
925
334
935
425
258
949
357
817
175
957
550
953
603
509
920
167
8
944
977
729
300
79
605
425
625
236
44
438
260
375
580
304
515
957
123
552
42
263
682
980
948
190
958
678
110
837
609
652
35
282
828
279
953
130
593
1
629
401
446
414
389
706
121
513
903
143
980
578
630
201
447
292
678
544
397
100
352
13
456
668
648
588
939
349
237
644
608
580
35
652
546
694
234
673
10
726
897
475
491
994
905
746
576
610
291
656
234
363
208
208
926
640
366
857
169
337
25
875
849
321
342
512
787
690
485
16
175
701
496
594
896
472
690
79
229
639
744
450
662
429
13
260
569
858
734
52
77
387
864
856
317
186
963
226
429
543
497
411
17
115
449
897
200
356
637
324
40
203
150
351
709
645
62
140
511
282
901
365
246
538
161
590
684
56
605
391
879
575
906
266
407
577
814
200
261
519
580
980
1000
643
537
490
278
610
13
88
978
790
73
361
64
775
345
358
520
212
7
761
120
442
222
592
77
72
6
648
660
939
274
393
855
570
475
677
764
103
221
432
922
107
482
208
891
199
902
653
801
569
684
22
835
852
201
643
793
572
253
953
40
370
826
18
390
80
859
189
187
822
677
156
945
11
506
243
42
884
549
886
232
304
94
556
522
722
280
628
278
218
987
193
764
428
82
96
51
890
819
443
385
226
940
435
551
557
944
551
17
603
854
791
74
560
4
107
460
462
424
865
826
542
23
851
852
784
761
363
309
321
157
655
707
283
756
705
452
71
469
632
190
222
678
339
724
301
999
605
770
766
1
532
491
702
610
678
215
831
302
20
723
853
997
190
90
155
187
252
390
666
942
848
383
72
778
207
124
639
666
737
482
327
457
176
867
228
215
318
642
962
357
799
433
366
384
773
712
715
754
351
782
522
494
805
750
971
750
919
211
560
927
840
696
292
108
725
608
416
542
601
411
337
252
300
441
149
734
360
422
463
503
517
304
574
506
732
664
625
565
896
559
982
238
74
895
351
83
77
628
516
16
402
442
116
371
886
454
15
870
81
659
875
710
10
289
741
378
324
738
62
891
155
443
810
109
833
907
634
407
165
709
502
871
453
888
177
335
271
639
578
737
429
35
26
234
252
610
167
891
233
664
94
135
645
575
800
553
684
975
825
294
960
831
61
155
844
408
295
565
686
231
238
659
211
710
641
468
122
75
165
636
396
40
861
392
766
406
166
412
603
11
336
976
785
762
562
664
557
8
551
355
686
457
550
427
686
607
824
522
509
124
666
221
9
54
719
673
517
30
246
706
161
513
968
491
519
536
489
591
463
865
205
890
182
19
596
167
872
944
748
840
608
292
35
945
947
506
385
223
491
788
663
118
130
781
490
569
774
227
403
769
251
583
308
0
843
463
919
467
486
628
659
669
14
132
568
943
153
261
483
121
769
81
356
527
615
860
33
338
235
927
315
567
390
816
859
384
298
122
974
738
425
457
236
350
323
923
70
933
430
945
238
957
539
510
252
333
451
917
290
587
947
649
728
406
876
703
93
20
523
853
938
474
393
193
804
634
502
223
453
522
68
976
62
926
732
851
766
997
41
318
263
389
688
858
373
877
331
608
792
456
704
181
2
231
37
458
232
180
437
559
505
604
335
879
425
660
683
708
98
652
543
241
589
529
424
484
683
32
393
946
125
819
881
372
783
616
717
904
638
125
83
881
73
670
292
934
502
102
447
325
732
288
625
839
885
176
743
271
212
717
524
917
126
928
22
30
901
411
488
134
611
801
613
145
433
15
556
494
239
461
461
753
204
86
651
191
243
225
45
542
260
988
715
477
59
992
961
317
200
224
918
327
987
69
193
68
634
203
334
649
865
570
456
508
648
881
570
529
390
250
120
902
309
801
843
601
649
626
693
87
817
74
506
206
621
467
661
301
986
26
421
590
602
294
193
837
512
758
803
742
31
770
255
941
450
605
756
54
886
269
161
861
547
423
144
837
484
203
13
351
15
788
882
487
897
770
583
123
347
883
78
45
639
382
220
311
766
558
166
238
686
660
97
561
911
840
353
350
542
476
988
644
185
488
954
94
955
184
677
509
29
736
989
12
789
218
487
298
909
682
579
262
201
859
207
920
66
591
344
517
337
580
762
288
443
100
371
175
444
394
111
493
439
460
375
466
46
418
238
600
906
765
243
736
897
456
690
918
159
13
481
126
434
778
956
805
822
29
842
808
293
832
232
291
775
600
284
53
697
104
391
320
141
655
282
353
134
456
120
867
882
457
671
465
481
199
456
69
292
469
377
196
739
203
316
426
21
720
12
72
978
207
51
795
841
699
637
961
441
757
264
446
492
678
438
147
965
563
469
106
75
892
518
21
801
737
684
89
551
647
147
284
415
588
696
466
370
73
162
207
727
752
631
217
447
765
732
82
644
472
580
337
633
189
903
267
575
577
389
71
488
63
537
110
253
609
21
214
901
525
246
807
304
258
967
582
69
69
633
914
739
485
11
658
616
585
437
918
597
248
524
442
716
677
6
232
322
893
344
736
790
172
814
680
723
721
526
189
937
21
236
487
313
212
734
341
993
872
327
94
514
788
1
702
712
389
3
689
313
506
22
621
412
8
254
896
901
803
574
31
845
411
638
408
450
114
70
307
870
507
614
443
659
961
485
200
175
754
148
897
986
583
52
63
672
20
946
249
270
665
860
932
789
830
986
511
52
333
597
651
643
280
400
811
15
98
806
746
545
536
547
364
969
894
918
22
13
220
495
766
609
450
317
756
267
743
577
458
291
59
101
390
744
141
36
405
396
702
405
962
118
912
46
931
834
398
60
695
679
816
603
598
193
417
2
968
321
292
291
103
600
33
420
501
259
16
856
335
921
183
8
105
939
171
549
499
377
782
448
717
291
753
144
619
812
10
395
454
577
202
757
464
446
419
962
101
201
90
181
421
559
544
550
829
102
21
432
12
373
579
899
344
357
337
889
875
620
208
538
875
365
170
39
262
258
980
287
49
851
158
51
255
372
622
452
38
431
376
834
20
179
533
507
702
443
732
677
54
146
816
116
228
452
433
797
271
935
404
837
274
469
362
925
663
989
987
523
521
577
406
798
412
809
254
975
737
752
612
896
459
491
59
10
152
329
990
519
55
859
842
479
919
522
412
6
410
801
810
547
393
398
406
578
119
869
617
658
748
116
93
446
766
389
22
488
333
748
753
460
896
864
356
214
459
197
755
203
741
464
615
473
432
876
373
894
530
532
14
815
353
681
890
381
883
900
782
121
353
903
434
581
270
797
695
935
230
944
909
228
139
771
805
142
29
568
989
954
625
265
445
693
267
730
6
877
403
608
855
172
787
239
116
609
85
911
643
494
142
439
717
269
6
579
461
912
864
701
172
953
972
847
6
66
609
70
214
759
760
617
534
209
412
629
277
899
118
941
617
260
9
981
782
925
860
850
523
418
280
144
253
484
441
771
960
713
757
3
85
210
196
628
431
160
148
601
12
995
139
457
976
867
473
326
626
0
444
893
733
167
195
233
1
171
536
948
990
958
923
511
9
778
242
571
216
554
186
720
109
50
210
819
784
270
15
404
494
413
312
850
960
301
200
825
3
821
210
505
997
739
459
746
65
462
757
294
160
831
256
266
0
243
857
45
876
497
323
17
60
165
594
146
763
251
308
621
672
460
100
349
433
879
556
211
382
641
166
143
724
404
925
274
410
14
590
717
66
349
635
76
42
204
549
516
29
943
367
973
660
864
587
434
293
270
544
806
235
397
462
405
294
413
686
588
97
638
747
667
315
705
152
428
409
239
483
211
34
874
234
536
905
409
281
811
932
827
544
265
601
136
478
355
993
891
542
42
276
499
928
162
601
31
186
255
735
311
194
965
471
1000
191
9
155
528
115
363
162
10
234
618
170
749
499
751
528
609
414
768
851
583
927
870
934
14
970
617
755
662
884
929
669
235
707
208
635
785
621
854
772
787
580
251
652
621
978
313
763
108
80
8
926
896
696
690
370
372
307
899
956
142
111
283
169
848
949
189
231
267
770
976
713
300
918
551
987
376
336
776
785
693
854
843
631
919
161
275
235
930
892
144
310
363
105
170
209
24
926
278
112
248
17
882
443
444
677
267
259
124
287
666
988
115
523
162
718
379
294
449
147
2
813
774
972
247
6
304
660
729
487
790
614
987
325
791
431
929
238
100
609
908
12
241
743
306
659
106
700
462
844
650
516
124
981
623
49
439
373
269
669
694
850
673
641
547
286
234
10
892
571
441
390
593
247
875
781
892
241
332
619
917
905
708
862
177
645
556
121
605
442
296
152
826
849
677
875
725
170
341
499
925
741
254
175
737
973
12
204
160
917
547
561
398
228
695
744
596
904
524
862
807
923
397
810
126
24
22
364
880
772
217
359
765
659
310
855
386
475
983
521
760
492
81
772
473
689
790
840
275
637
362
310
536
816
483
598
435
340
372
761
160
442
145
820
414
18
112
14
740
494
889
211
620
418
751
500
92
331
185
180
593
18
300
485
680
889
548
222
232
923
209
705
50
655
674
353
500
317
743
594
659
343
813
642
551
244
28
446
707
962
344
344
790
478
987
55
994
816
656
271
250
979
223
51
194
819
201
372
637
669
82
697
927
227
481
34
911
685
240
605
529
625
414
217
809
53
150
730
130
336
123
72
19
465
736
189
12
552
331
683
65
499
178
897
16
356
562
32
507
145
777
985
693
192
597
470
196
642
177
572
598
822
197
842
871
65
659
178
700
385
552
857
606
995
339
543
628
988
47
54
261
386
3
1
941
583
26
289
115
946
782
106
568
10
676
162
687
257
550
573
944
510
107
41
95
683
878
151
92
586
195
649
60
125
594
221
927
296
366
498
38
444
545
822
235
596
436
999
559
33
394
235
976
95
996
476
175
477
496
879
529
660
985
561
765
957
21
111
22
322
622
471
895
475
622
421
92
687
644
97
488
12
314
616
226
314
891
109
165
438
687
558
834
723
635
301
902
551
2
258
802
1
685
401
497
250
86
664
998
135
14
714
447
792
845
849
651
629
6
780
489
352
171
911
262
937
859
498
521
782
804
806
29
147
850
855
73
340
519
416
489
829
314
510
508
667
40
590
263
865
859
612
791
175
119
261
447
580
678
797
28
808
11
392
976
862
926
993
706
434
654
599
806
197
147
797
563
410
270
408
806
409
376
849
164
199
259
796
287
935
589
831
864
732
214
185
48
108
506
772
334
981
650
630
863
161
645
501
3
47
691
148
956
413
224
132
612
402
318
585
155
350
365
645
661
3
274
802
984
727
995
760
326
882
63
87
678
760
397
43
4
549
402
259
14
572
494
822
439
959
504
368
882
44
782
722
494
874
906
536
692
8
597
576
474
291
994
31
11
481
305
768
818
573
159
154
133
482
140
326
352
202
12
518
85
120
999
335
33
183
378
156
308
410
964
365
203
93
518
766
247
778
887
124
781
623
126
211
166
343
258
48
802
228
234
889
37
882
830
45
155
149
482
853
316
786
963
585
290
754
969
454
64
870
291
614
500
14
530
447
855
553
642
721
490
640
892
940
779
497
692
670
157
10
850
805
874
544
749
100
93
615
644
14
246
84
617
75
320
4
655
39
240
970
163
518
379
688
223
818
184
270
676
283
259
933
357
232
213
463
303
517
383
858
41
646
263
247
581
453
68
652
469
978
75
526
755
353
528
768
562
491
372
321
160
200
100
427
175
499
238
444
439
552
842
263
919
581
248
469
448
190
428
595
972
997
204
889
6
81
312
50
960
16
345
117
647
331
714
59
755
846
162
517
546
285
947
935
16
686
273
550
484
970
908
866
405
891
12
223
694
339
269
343
405
340
702
474
678
421
970
945
293
818
971
599
4
924
168
367
263
609
141
911
716
138
349
493
338
907
927
6
934
714
603
293
920
232
364
611
907
326
938
63
24
962
811
471
948
642
597
983
872
340
775
630
2
742
287
212
276
630
487
887
540
219
697
52
954
231
961
14
61
781
594
569
628
22
780
560
282
729
134
186
141
508
579
40
513
99
690
769
507
401
223
562
878
229
895
318
41
845
392
295
492
724
661
999
815
14
97
304
12
373
780
305
352
228
747
213
10
196
884
633
331
335
636
294
779
102
6
745
120
611
164
34
836
500
203
47
293
394
29
718
707
294
179
102
372
540
743
850
325
188
758
679
781
28
241
113
17
217
738
186
326
371
915
897
272
690
985
507
478
443
993
820
890
505
334
620
294
210
28
628
480
452
327
515
915
357
251
908
443
569
226
734
326
184
796
593
697
419
264
144
804
414
971
10
636
493
82
93
628
477
899
992
691
456
599
465
631
473
617
790
775
119
942
304
681
158
832
934
61
233
111
748
461
8
794
445
848
154
473
9
192
977
61
199
369
63
619
845
905
651
570
354
735
435
767
557
22
835
450
513
201
401
58
117
390
305
247
598
668
48
410
818
115
599
671
873
567
94
230
767
319
220
266
185
137
22
693
412
958
410
595
991
188
184
111
264
7
804
163
602
838
791
915
586
415
866
112
746
783
208
283
785
848
711
72
632
58
739
846
891
639
80
532
527
131
695
287
816
809
675
606
144
522
854
243
631
741
84
908
474
579
994
290
613
685
90
382
298
22
393
311
492
269
751
405
38
587
837
919
68
852
515
630
244
15
899
534
123
703
334
155
916
408
360
849
893
189
881
21
163
131
234
142
321
979
913
301
812
260
825
140
821
495
104
169
904
949
242
387
216
856
79
79
348
467
76
641
67
712
60
64
21
634
815
883
604
216
477
478
625
194
306
869
674
459
727
518
873
581
893
914
533
251
360
80
775
640
284
122
989
443
477
735
523
767
863
778
476
243
992
87
35
873
947
437
229
268
433
139
17
6
711
358
176
770
158
983
706
417
471
547
48
546
818
257
674
0
600
982
192
340
428
761
239
222
322
878
513
660
0
587
143
180
578
843
344
755
79
216
56
79
370
205
671
295
255
603
778
298
493
380
661
332
928
794
601
365
79
608
5
214
92
631
644
46
140
550
352
503
612
330
318
518
511
141
311
282
19
115
855
329
642
3
123
460
535
466
275
51
930
819
500
229
305
13
556
161
605
501
76
331
864
206
35
795
144
705
15
200
5
465
943
527
973
937
753
263
217
859
790
994
560
326
228
289
13
501
219
47
764
496
623
455
895
514
532
983
853
787
416
710
601
468
53
303
374
550
531
686
813
973
149
204
413
516
367
858
7
764
885
21
16
737
739
317
11
733
780
922
495
9
211
136
73
977
918
926
119
988
531
477
116
644
530
359
855
614
998
770
432
287
506
988
334
922
5
933
773
830
3
389
582
580
0
431
36
681
945
548
840
502
58
898
226
400
88
854
299
417
833
235
634
170
308
393
157
281
989
698
423
226
102
656
33
562
235
674
170
379
237
334
323
66
60
471
679
525
970
282
426
991
499
522
87
137
74
136
59
242
226
884
435
616
841
611
637
910
221
806
338
545
874
726
10
760
671
776
589
862
794
476
810
922
549
810
725
151
786
852
813
190
972
389
794
943
933
824
377
676
309
29
374
707
84
70
761
69
20
633
736
534
890
709
883
758
18
742
80
614
300
14
605
219
644
627
285
87
410
197
279
758
560
617
384
463
573
294
822
545
673
601
547
337
398
473
806
420
831
502
20
668
561
566
228
965
541
203
697
4
960
661
200
587
793
426
483
24
891
849
664
300
114
26
782
705
695
798
156
255
277
532
708
986
652
877
4
210
800
73
378
793
883
591
897
425
712
150
867
814
11
824
669
153
480
932
657
725
985
524
186
282
846
564
205
104
917
437
815
559
951
148
842
131
636
582
779
347
407
421
275
29
700
480
594
89
418
192
838
345
347
79
627
183
162
842
144
293
562
29
956
566
953
386
391
490
942
436
148
374
360
781
320
282
61
365
388
751
574
895
845
166
6
724
169
524
606
241
624
86
783
340
240
786
163
585
31
867
133
173
574
382
225
880
89
670
765
988
900
879
3
609
123
657
80
584
50
292
507
103
535
325
119
431
668
383
808
778
498
493
307
8
159
17
133
223
285
522
11
692
493
964
323
469
654
416
578
100
60
541
388
11
981
577
303
868
723
433
526
384
568
857
391
921
801
278
968
248
648
903
804
141
836
405
177
815
729
681
520
392
492
693
751
231
211
212
628
630
218
742
336
432
199
556
632
497
620
670
210
366
641
895
245
166
669
545
566
829
959
111
962
773
201
359
292
745
836
94
62
767
368
440
217
227
790
656
709
985
469
192
872
71
904
0
719
36
916
544
360
547
904
546
576
500
61
305
953
840
370
519
618
714
315
293
677
377
544
776
501
862
616
297
437
683
964
948
871
964
212
871
761
325
43
914
827
563
592
557
926
825
706
509
1
900
892
858
533
877
118
8
84
163
190
685
553
497
392
163
7
727
358
873
888
748
222
894
645
880
402
529
813
117
149
446
360
155
94
699
878
846
38
56
970
821
792
730
483
764
656
623
250
750
334
895
425
333
721
182
875
816
315
598
508
48
167
675
831
828
225
369
12
328
331
918
464
703
473
511
520
166
804
397
146
126
362
778
10
577
741
71
213
430
341
261
643
121
572
448
552
868
25
324
483
68
326
758
468
84
341
630
474
304
187
107
226
774
656
284
931
935
969
724
867
303
88
238
299
211
948
628
843
331
426
59
974
735
5
878
92
773
625
689
445
967
510
69
311
652
269
978
4
874
800
315
399
390
578
942
799
27
411
848
848
762
527
223
138
184
124
593
900
50
580
507
346
902
521
284
977
132
189
574
679
155
258
848
802
473
379
53
334
268
294
495
397
312
139
954
863
961
645
200
402
867
984
746
420
95
502
297
781
381
861
666
477
991
477
788
644
815
246
27
781
408
282
114
9
87
693
417
505
829
739
388
910
402
404
362
928
208
378
875
80
315
875
109
892
460
221
295
766
503
220
668
423
808
837
150
62
361
110
537
906
704
692
71
817
915
384
700
356
111
433
906
107
571
170
265
974
570
425
390
392
141
281
4
704
981
2
474
436
646
387
714
941
4
239
8
38
896
970
583
4
69
210
797
526
989
937
296
381
683
82
682
198
151
759
709
46
177
97
967
327
63
632
20
20
413
221
707
195
290
869
379
433
165
271
725
353
474
35
52
500
559
452
27
1000
991
9
422
897
831
0
732
491
296
892
263
900
284
140
707
807
799
944
706
598
179
642
159
802
133
144
121
985
81
299
875
948
774
958
980
155
474
848
877
189
168
111
721
906
342
938
998
98
432
34
107
144
37
484
502
615
531
659
362
362
37
663
687
814
148
824
928
264
684
719
239
205
539
794
279
115
929
87
30
302
276
261
702
574
155
368
115
86
307
191
385
20
690
815
229
834
889
654
20
979
533
198
815
759
951
219
558
336
550
473
397
299
978
974
73
294
292
724
259
761
142
164
578
146
290
129
838
356
796
744
707
748
912
608
363
327
610
0
613
775
175
942
383
973
333
794
57
699
153
554
135
151
714
130
649
1
570
245
109
452
538
68
9
68
492
469
751
474
322
920
799
8
706
804
70
29
430
707
27
290
810
31
98
255
656
83
273
927
584
366
207
439
752
842
328
755
918
162
586
838
206
0
56
662
734
852
77
190
753
20
86
708
475
288
187
946
152
372
409
160
135
256
120
245
620
616
460
9
67
528
60
15
369
937
885
236
218
168
920
949
811
505
682
81
499
875
18
610
621
910
772
860
800
296
726
498
340
329
190
519
266
714
6
180
489
18
94
272
55
584
965
64
346
200
791
754
486
884
325
886
469
161
786
839
116
202
218
866
187
435
820
674
559
234
723
208
418
875
31
95
696
55
227
842
173
866
149
173
487
260
659
121
485
442
90
109
421
608
836
12
871
16
659
448
585
798
793
696
704
593
512
473
583
520
468
977
786
419
415
500
696
160
391
726
403
302
585
834
292
799
396
809
807
949
147
505
984
164
876
602
538
764
991
221
194
879
756
211
305
997
373
213
331
786
4
855
8
340
885
341
886
524
219
352
78
456
5
637
211
666
188
115
822
307
386
16
856
985
337
765
640
623
803
660
828
118
21
617
118
775
330
575
636
962
736
344
612
299
324
262
515
942
802
604
828
992
267
456
805
292
232
232
904
904
693
804
104
259
893
357
167
433
28
373
410
16
810
620
237
93
460
477
753
789
44
249
950
335
965
650
431
805
723
396
73
807
648
258
693
691
730
372
920
780
849
694
50
673
956
946
594
385
628
356
16
175
43
824
24
264
990
570
624
508
17
900
165
800
103
100
458
213
755
786
671
930
366
101
660
459
708
351
797
339
410
51
9
106
242
774
329
358
465
174
629
496
452
670
633
481
620
327
168
796
392
707
977
513
300
0
825
122
555
883
682
454
833
796
798
11
411
137
810
136
262
355
942
543
973
112
651
885
976
743
50
325
385
871
491
614
610
745
435
748
372
907
85
805
416
725
256
416
803
968
727
58
642
820
123
387
883
1
329
940
292
835
945
654
107
717
436
917
268
853
352
303
612
261
90
981
421
786
945
362
598
536
525
114
282
216
810
876
827
438
23
504
987
20
193
310
655
596
127
872
22
904
667
570
699
677
961
502
913
219
484
627
32
454
726
430
873
238
9
895
45
166
722
837
997
871
32
745
946
320
674
61
31
369
112
783
670
979
276
188
274
154
984
933
790
103
119
659
161
485
501
318
446
511
511
450
901
290
402
969
251
465
42
72
24
3
565
772
18
574
710
225
514
172
1
972
573
794
733
848
423
72
837
427
431
549
261
103
402
770
930
490
600
892
995
623
34
750
257
539
122
279
334
560
795
373
848
780
199
936
915
498
415
528
133
117
574
305
389
675
3
257
123
940
449
260
345
858
995
421
769
232
286
320
255
428
622
395
322
124
290
221
379
195
80
912
996
128
324
401
871
562
540
16
480
15
456
979
58
628
554
743
833
540
200
480
64
172
512
96
491
172
663
260
119
402
219
984
920
337
704
199
200
915
207
14
348
494
523
38
243
147
782
362
494
536
895
135
901
489
715
9
649
741
977
459
527
518
806
801
686
968
394
637
280
533
364
986
39
994
233
746
893
10
623
18
660
883
274
454
563
0
385
314
122
23
664
987
704
336
634
996
42
615
682
745
549
9
725
216
630
647
887
801
330
501
351
452
767
515
737
400
612
701
90
679
336
397
640
139
712
938
350
948
297
268
721
139
300
407
395
13
718
282
348
705
879
200
312
64
227
868
435
433
819
17
372
562
16
385
739
0
613
401
615
484
14
459
453
293
288
830
501
845
305
349
675
76
101
424
13
606
898
297
287
392
255
570
880
554
529
607
128
522
143
137
5
492
488
168
893
498
451
45
290
825
838
22
0
119
9
781
782
978
568
641
593
573
926
224
696
911
227
568
88
509
420
332
377
182
448
959
470
110
417
906
946
577
728
512
626
286
782
567
937
386
606
400
476
701
296
594
975
188
865
21
890
249
664
903
253
247
310
668
269
11
126
280
41
135
683
801
499
399
528
860
15
76
568
57
391
676
688
602
675
646
144
581
562
288
557
378
722
19
927
40
696
25
509
409
779
990
6
923
141
252
405
451
986
70
920
0
278
94
486
297
212
263
303
403
97
251
890
165
165
544
945
399
17
240
985
17
626
621
87
894
302
41
148
498
853
741
872
433
320
158
470
366
631
609
617
612
9
744
671
209
567
300
19
96
14
317
404
267
986
976
646
72
581
637
68
21
288
333
378
6
621
211
323
198
513
63
143
678
695
233
504
94
442
788
371
587
87
180
525
559
139
681
976
606
72
522
793
407
932
703
971
266
426
6
393
120
862
309
878
559
906
723
493
51
39
372
545
160
501
501
743
452
909
758
126
161
901
547
488
500
662
446
852
368
303
445
383
552
220
25
54
278
731
119
791
330
486
518
432
489
228
320
908
757
807
780
233
694
320
596
291
643
947
287
966
567
63
156
511
707
22
799
22
934
901
233
285
537
850
704
763
291
738
969
543
58
276
554
986
720
336
419
926
600
366
790
461
130
67
244
471
305
787
107
585
905
637
804
21
29
220
566
644
19
715
129
464
940
342
96
197
612
431
889
238
43
773
607
943
878
97
322
214
513
998
245
212
446
341
732
761
523
309
124
268
451
936
869
236
771
210
490
188
663
733
13
992
978
612
188
13
369
742
455
212
347
786
52
813
387
605
713
625
465
445
762
111
777
92
242
789
528
274
711
585
468
3
341
772
303
943
394
394
124
692
451
730
912
627
562
307
372
270
452
283
62
564
553
387
683
983
237
787
210
563
198
229
468
433
196
373
469
669
761
566
882
731
444
920
154
591
279
865
130
542
357
934
459
545
792
501
135
530
859
700
791
224
275
214
485
475
32
877
601
323
337
179
72
106
207
321
5
470
906
924
863
11
422
718
397
56
861
593
644
996
943
32
383
684
737
497
542
445
934
388
837
715
431
792
148
811
249
380
442
40
846
721
650
640
577
573
71
154
202
134
351
284
767
588
901
67
574
290
732
727
789
998
986
432
336
158
527
276
5
360
981
320
341
345
190
478
368
184
783
264
717
693
6
817
312
271
593
860
50
523
159
137
988
406
922
929
705
726
868
924
771
566
1
386
245
287
305
133
373
488
218
94
646
297
489
150
611
248
543
739
696
435
264
841
862
3
194
438
344
842
995
636
891
666
535
252
987
779
479
938
77
827
182
961
19
512
984
491
478
610
923
326
115
69
618
203
663
755
275
307
116
728
47
192
27
798
705
366
868
750
13
169
304
99
107
173
610
835
326
60
289
953
145
264
117
355
886
543
898
276
856
815
79
97
66
768
1
573
208
510
342
440
787
960
272
655
414
860
366
992
211
542
641
411
286
408
255
483
778
88
280
995
932
173
830
680
266
683
124
948
533
817
587
598
792
475
409
193
253
512
900
982
121
302
739
97
543
657
411
711
482
653
746
694
892
959
82
389
418
121
828
534
963
703
60
110
267
169
137
975
719
5
183
38
375
376
781
665
352
591
612
56
459
153
206
364
425
168
832
949
868
157
889
11
620
493
907
39
6
724
575
196
20
633
118
222
304
77
373
638
452
22
469
778
75
577
919
178
586
159
180
411
817
810
506
499
19
671
21
851
450
472
179
995
819
457
674
918
838
119
915
887
14
46
283
148
279
274
13
700
569
552
555
683
380
98
21
746
622
892
7
310
86
504
998
442
614
390
212
358
341
659
925
984
367
995
906
435
493
270
438
568
842
734
4
55
8
105
740
537
541
114
707
162
344
101
647
658
688
585
506
754
902
162
403
828
700
224
388
434
121
229
620
433
438
384
842
940
792
680
704
392
634
939
334
948
752
374
163
898
144
691
812
956
239
21
539
853
115
416
18
968
664
350
849
878
996
773
771
580
802
758
31
219
133
479
715
993
464
657
199
812
430
26
951
699
504
390
620
688
460
957
295
963
102
912
14
985
304
647
384
403
0
129
122
857
902
53
247
672
898
684
856
605
186
766
371
737
884
911
899
568
357
108
744
39
775
686
2
681
123
263
334
489
865
775
89
688
995
271
34
979
144
343
273
873
854
9
525
216
569
995
676
891
725
883
303
897
148
857
986
520
336
492
762
907
308
137
843
242
518
671
141
10
139
863
280
297
849
832
762
470
165
760
945
448
373
291
899
101
244
541
530
277
116
274
780
710
4
69
580
469
68
341
431
416
834
946
471
966
417
289
829
684
224
605
456
523
3
976
661
785
561
363
675
95
828
476
224
185
35
821
398
18
937
116
150
743
709
14
203
531
206
251
795
223
933
476
146
922
855
991
74
422
755
970
671
4
10
438
718
596
66
303
344
824
192
264
913
862
931
422
101
258
213
357
524
318
241
845
455
67
63
654
266
353
863
434
522
106
718
749
56
608
960
456
655
465
568
189
954
844
152
753
990
885
194
452
635
62
777
952
719
960
425
757
721
452
926
431
10
951
354
386
11
357
780
744
282
662
482
361
215
611
197
88
68
520
1000
570
611
677
910
146
578
129
635
245
80
899
189
244
594
886
198
46
653
394
694
577
558
798
238
988
609
766
768
622
982
211
525
472
495
520
895
862
22
923
450
590
429
66
96
1
768
321
690
61
966
267
514
6
802
247
947
781
819
405
159
561
10
271
692
283
730
991
791
993
361
747
904
436
862
597
878
786
539
415
134
589
575
182
823
269
156
282
132
279
715
119
206
304
916
271
12
717
579
753
429
17
96
664
12
990
899
476
856
185
337
960
785
291
584
234
292
436
259
964
287
1000
809
748
826
323
592
201
629
519
160
575
726
225
475
214
627
197
897
62
122
225
902
327
2
63
691
845
966
6
0
312
320
821
655
104
404
537
249
409
20
704
666
345
482
53
316
559
594
261
73
140
465
4
342
715
74
649
919
804
852
830
999
952
659
509
14
441
937
227
498
891
18
443
535
508
13
736
4
911
359
979
91
526
298
283
98
9
910
719
979
752
641
455
803
63
947
155
557
564
972
18
424
984
832
337
655
419
283
969
848
648
300
939
96
380
456
779
58
571
846
820
795
387
590
400
517
711
858
347
627
920
454
932
347
502
479
531
993
415
12
276
886
561
668
967
254
915
220
855
296
760
236
903
751
2
660
572
928
510
946
83
557
418
722
947
763
507
738
902
891
489
334
437
348
672
789
968
708
867
758
34
668
546
367
144
211
250
874
165
892
602
451
646
429
980
382
75
83
866
784
746
562
321
599
634
302
223
394
878
407
906
929
280
684
278
149
703
274
678
563
724
16
630
273
617
128
537
982
253
787
779
585
692
3
104
661
611
708
11
914
446
930
110
947
895
16
737
117
12
446
85
266
786
976
272
342
484
302
615
604
14
185
304
954
17
735
363
767
610
667
656
408
414
591
481
639
542
220
10
879
354
461
656
182
854
375
924
742
935
770
397
856
861
876
789
168
708
606
871
878
14
92
887
338
453
343
515
74
287
649
133
7
285
581
367
871
439
91
965
421
203
971
792
351
932
297
725
683
761
549
43
687
682
383
827
83
390
763
980
80
643
875
287
905
851
492
198
608
69
911
346
404
764
702
881
553
328
498
3
671
39
809
944
721
271
199
404
632
131
665
1
483
143
543
717
934
864
686
12
973
218
424
78
606
752
476
896
185
286
676
706
377
471
620
340
8
872
670
36
112
29
445
410
111
564
461
958
638
110
778
773
863
121
645
442
359
508
745
779
314
493
677
751
830
169
678
381
970
21
65
737
913
456
363
3
749
772
93
858
789
187
413
554
113
393
86
576
998
200
659
793
485
135
459
801
206
30
348
567
625
596
17
303
42
973
607
57
624
960
529
757
931
305
257
158
491
809
208
721
50
342
728
787
765
129
451
245
290
886
546
453
947
1000
372
893
331
441
866
954
457
265
207
576
916
2
487
10
33
307
145
159
711
276
915
118
116
531
886
251
617
42
314
237
371
772
741
140
908
405
807
561
376
506
43
42
827
833
677
178
687
728
604
79
185
66
847
654
5
138
609
976
456
342
427
74
948
518
104
575
320
511
634
901
80
359
342
458
48
180
506
843
42
518
720
489
473
209
192
926
345
276
299
928
237
829
460
224
864
89
327
647
430
141
723
807
198
970
176
351
271
422
568
147
676
415
830
589
845
67
424
60
381
388
310
580
269
68
282
203
115
792
45
849
950
996
842
615
919
888
361
665
171
704
948
913
730
584
421
918
396
130
126
691
880
385
328
857
867
626
543
884
10
452
493
288
168
235
236
610
894
769
667
401
482
931
34
398
257
806
491
603
37
78
259
183
582
673
430
839
496
289
217
145
53
484
559
541
97
410
214
590
642
294
142
545
979
684
188
96
111
327
660
759
249
453
448
871
470
33
197
601
1000
478
94
624
55
885
596
780
49
694
271
816
240
729
44
921
950
114
596
454
196
347
203
78
351
650
993
493
214
608
924
12
808
669
832
410
470
408
873
253
171
779
827
577
371
345
884
765
886
167
84
397
630
405
84
360
49
893
384
736
857
456
765
754
332
87
638
760
450
335
471
639
525
901
126
121
901
620
140
39
716
545
466
256
874
982
37
787
836
813
871
950
14
19
531
129
415
712
133
58
858
226
479
316
645
369
574
455
155
63
705
110
178
773
557
140
26
139
134
354
859
88
764
478
881
788
217
702
647
225
575
747
678
892
102
40
14
683
453
24
177
114
158
307
809
159
949
481
268
327
405
653
708
936
431
25
238
278
660
275
708
272
633
128
448
940
655
26
695
365
19
93
585
922
292
848
232
762
893
42
533
393
413
719
566
865
386
456
142
637
494
779
7
280
328
811
64
262
757
688
446
158
595
809
418
548
685
103
825
909
847
978
517
198
246
653
453
978
914
628
129
616
940
36
149
602
853
78
999
348
888
195
620
635
661
902
853
247
925
531
480
563
35
674
828
101
844
541
864
480
747
35
749
600
438
790
386
486
400
174
584
951
867
558
34
723
838
188
202
844
636
794
736
279
768
248
286
665
133
990
359
55
614
731
659
764
116
900
452
140
652
579
716
1
349
208
195
199
756
632
446
776
845
136
753
7
783
688
717
967
794
430
9
238
719
750
865
461
172
349
551
625
397
896
861
803
625
379
670
449
481
798
434
567
557
105
605
611
338
746
51
749
385
460
356
651
90
692
521
505
406
620
361
438
463
558
639
834
311
70
504
63
448
20
655
360
578
9
290
444
727
552
631
150
219
814
646
973
2
424
1
826
803
390
31
575
366
225
169
35
236
500
608
160
456
946
64
372
470
452
340
346
999
627
540
45
935
680
376
392
776
862
977
645
785
488
273
209
854
640
760
583
776
514
570
713
390
181
284
597
367
190
461
553
204
25
6
364
169
894
683
622
833
439
913
230
931
212
144
925
484
132
658
140
930
139
500
407
452
361
797
320
707
71
799
653
851
282
472
252
647
736
403
317
272
822
562
504
557
309
950
559
965
951
62
105
952
9
593
741
926
175
988
604
185
423
734
397
993
807
35
397
600
139
647
718
141
5
694
906
673
718
839
205
176
917
506
587
19
4
779
460
243
57
45
593
96
527
657
578
701
912
388
854
402
475
14
627
138
741
493
32
894
256
311
583
596
0
630
94
219
184
920
108
849
907
419
493
727
460
74
67
866
201
656
64
584
2
350
905
878
939
609
720
542
189
112
111
670
750
133
7
121
740
448
615
512
458
286
636
706
310
179
959
270
110
494
750
609
539
327
134
514
859
357
877
658
538
362
705
892
913
332
854
516
197
943
288
681
839
826
468
820
341
843
75
636
464
533
762
708
902
177
714
840
426
519
549
942
232
383
314
22
592
333
926
516
851
689
641
506
356
664
771
704
287
798
567
112
504
44
665
96
409
911
483
494
435
38
385
102
401
91
15
646
717
980
67
474
799
521
366
242
7
87
17
787
449
700
345
552
790
826
560
265
384
242
940
618
605
95
185
923
821
252
231
310
325
375
633
887
164
781
544
282
256
252
712
900
64
359
655
432
578
957
70
111
653
439
241
230
670
325
988
758
922
668
848
410
527
482
283
11
279
47
412
496
850
86
51
873
106
463
663
517
13
943
694
951
230
105
14
662
898
703
1
553
940
25
722
253
997
533
213
118
643
161
572
399
844
695
67
731
869
52
771
157
142
367
717
322
651
912
407
15
486
717
745
466
662
628
119
886
304
742
506
659
19
930
623
31
169
934
683
545
549
100
971
889
293
164
725
502
190
447
266
952
243
555
216
499
192
162
868
398
13
404
161
815
256
723
122
641
80
401
72
854
754
475
307
994
966
910
915
568
700
22
154
814
699
394
677
280
602
8
521
125
125
623
666
312
408
821
704
268
71
579
870
799
909
133
241
3
217
941
520
382
242
41
45
392
26
125
408
21
409
311
565
375
157
668
410
367
482
38
613
603
324
994
1000
656
320
414
512
133
940
580
835
652
799
807
934
970
397
206
579
205
70
651
870
137
659
804
930
544
379
378
19
308
167
597
545
416
547
30
828
481
679
542
147
366
700
312
594
22
198
275
796
710
989
63
54
732
504
625
776
529
355
701
656
594
701
73
510
292
667
103
810
212
827
196
226
871
746
540
95
132
476
402
76
700
516
111
140
539
807
848
724
785
524
812
4
239
359
750
458
322
65
869
634
459
664
866
698
543
226
276
613
702
771
266
572
280
552
811
381
151
441
987
960
646
913
575
15
845
578
516
1
715
462
866
916
215
986
873
764
775
221
141
523
807
137
686
355
261
656
800
584
726
207
197
517
469
121
786
776
272
281
128
253
573
451
369
201
885
465
331
996
755
459
307
59
956
508
154
900
408
689
811
271
948
717
817
516
818
715
385
518
583
141
69
495
652
322
694
471
816
191
957
511
963
41
756
548
899
687
1
496
982
619
475
321
193
178
868
599
908
998
936
659
548
116
971
160
351
726
476
74
922
792
699
409
508
364
332
751
424
609
236
12
460
886
638
15
532
164
12
602
807
877
147
438
700
375
822
453
156
652
410
694
408
596
364
999
608
325
89
177
79
729
916
921
708
135
203
247
293
453
377
797
665
697
565
22
817
119
957
617
733
904
423
7
545
120
501
442
899
23
983
361
760
209
448
72
178
207
270
650
5
976
3
473
123
995
165
215
259
197
357
469
324
643
68
123
871
664
319
811
110
24
38
278
258
13
357
579
90
290
791
600
709
79
203
865
59
612
554
318
827
110
961
92
868
523
433
577
228
2
771
536
287
849
851
419
418
947
31
16
988
484
185
213
555
786
720
710
189
63
267
845
692
794
374
9
161
939
829
827
594
554
301
98
26
215
699
197
23
288
987
946
421
229
725
459
761
792
442
483
961
769
291
401
144
854
701
191
224
952
89
264
995
125
215
332
417
182
399
731
5
52
574
268
962
4
179
858
841
646
58
358
265
174
570
148
23
708
486
871
540
770
707
582
179
347
229
336
908
300
861
382
992
778
612
243
658
162
700
600
594
299
343
607
631
184
453
509
288
881
145
670
363
706
37
60
544
963
684
869
26
541
590
808
467
606
628
993
616
657
437
985
817
299
598
549
74
725
426
643
24
582
704
468
71
524
514
716
983
794
631
115
668
454
850
69
874
797
892
808
310
25
156
565
480
505
768
164
803
830
969
678
64
603
178
298
159
393
10
125
577
900
2
574
905
595
570
301
955
96
677
434
377
819
903
106
403
170
930
833
727
913
475
562
920
507
483
19
326
900
289
715
100
919
324
130
1000
941
209
722
875
763
436
902
597
801
630
968
453
793
203
591
755
348
87
423
642
944
582
107
347
170
52
607
374
194
15
912
335
15
425
937
826
392
265
242
7
307
859
956
193
267
200
243
207
307
205
674
864
600
747
337
536
199
135
759
284
84
707
872
635
611
664
457
565
754
730
329
479
427
993
237
768
907
583
976
514
629
941
85
239
643
211
287
763
934
883
503
897
219
573
521
594
719
874
650
462
863
467
624
874
306
462
557
294
239
603
211
336
927
629
809
616
263
171
120
98
776
11
242
446
671
511
255
532
622
249
439
739
19
316
485
369
771
86
983
340
191
630
368
531
896
485
245
744
85
36
474
232
877
463
93
752
992
619
456
536
181
932
387
502
400
887
562
453
106
914
774
116
247
669
453
11
1000
6
904
980
136
643
804
123
602
777
627
576
528
512
484
0
175
356
394
32
137
100
406
744
852
94
999
645
770
689
357
967
433
289
228
726
658
340
116
303
331
97
180
542
374
255
447
311
511
596
667
643
705
490
345
774
478
2
77
400
57
812
555
605
98
766
316
901
679
981
28
190
277
553
131
381
572
310
822
504
731
43
298
237
682
894
151
901
560
689
384
384
857
245
876
446
39
553
102
826
212
226
190
656
110
854
312
760
821
20
157
779
808
280
263
591
403
348
362
54
462
731
56
627
153
444
409
822
409
673
811
726
974
191
56
952
22
108
560
39
840
970
465
755
996
897
318
940
266
605
354
296
215
606
642
767
244
83
218
784
920
711
990
870
923
432
365
729
168
420
606
602
767
187
311
265
842
7
65
942
291
496
234
86
321
924
757
254
886
667
447
252
368
900
306
402
16
129
931
803
500
828
331
388
293
285
377
850
20
874
623
905
439
7
504
2
903
691
575
819
368
728
217
478
647
476
942
423
973
258
638
490
737
774
172
247
722
161
472
946
921
270
932
717
232
638
320
450
61
290
224
828
612
224
459
214
426
191
499
823
454
965
289
758
547
304
500
729
218
647
298
688
827
271
109
695
323
269
654
495
806
439
102
386
770
123
400
42
117
607
331
645
351
800
788
829
131
594
856
472
765
299
310
549
375
836
742
1000
614
94
770
194
490
869
749
175
772
604
246
195
781
471
126
417
83
968
51
465
956
342
953
191
22
678
709
970
652
180
126
672
41
501
606
446
194
110
654
750
860
906
523
493
124
323
167
635
831
883
389
162
943
727
973
998
917
212
131
196
400
914
117
813
446
26
110
705
906
655
976
404
875
12
774
716
801
516
235
689
10
271
18
937
738
606
173
77
497
67
44
471
382
631
440
531
22
251
852
443
630
390
781
284
807
410
545
252
968
82
427
188
682
154
682
848
393
342
406
525
275
694
563
269
106
4
536
981
932
190
103
732
540
76
989
424
644
683
285
24
254
278
333
361
182
537
965
932
871
29
174
277
496
249
783
309
138
18
863
362
522
37
938
830
98
511
326
440
202
954
866
390
34
120
969
81
754
785
454
15
514
240
572
619
369
610
17
316
883
953
329
734
465
476
640
879
245
895
743
83
319
641
155
712
115
292
454
544
176
501
556
669
950
132
842
858
518
52
2
231
691
770
674
572
947
679
966
837
202
515
206
802
865
685
172
96
950
317
230
510
325
737
871
214
14
302
898
973
244
182
669
504
588
335
182
467
230
418
888
838
43
430
720
834
342
60
760
963
739
513
457
583
465
430
419
27
31
699
851
265
641
136
401
7
562
801
385
684
356
950
459
504
866
903
910
942
127
27
166
705
28
913
113
711
328
430
465
824
875
593
663
189
987
822
920
269
253
352
900
747
488
610
904
543
7
851
141
874
139
610
137
613
570
318
226
20
435
853
728
303
790
496
709
740
68
908
515
569
400
555
985
393
765
719
779
752
718
163
752
101
44
541
605
113
423
328
147
64
116
512
47
143
383
717
667
753
482
670
435
706
106
344
10
921
307
483
106