559
40
402
73
704
909
120
348
79
902
451
613
701
797
672
308
284
801
28
182
498
333
585
158
961
612
819
114
748
615
294
593
13
727
731
983
783
11
213
366
808
38
970
152
423
504
940
518
783
878
500
225
4
216
358
702
378
820
710
923
21
315
706
248
224
799
163
871
889
408
850
200
892
227
996
587
519
623
794
801
391
165
384
327
821
700
473
45
806
765
612
255
422
369
204
676
619
653
971
580
219
897
330
143
93
400
451
57
884
509
424
220
605
774
735
879
877
367
807
556
467
554
839
107
776
387
177
162
903
544
74
744
306
699
688
615
870
568
962
482
223
306
647
146
277
53
96
132
313
689
312
831
353
891
368
977
917
373
119
563
753
524
267
919
654
811
708
793
554
122
798
967
421
566
112
412
937
877
572
805
151
909
615
117
117
557
99
37
616
536
391
924
842
96
192
506
907
784
768
868