408
859
267
54
249
303
480
711
191
830
21
779
728
507
235
742
977
647
552
199
751
950
701
579
208
787
995
782
705
415
120
535
583
118
629
675
304
979
283
190
401
519
920
439
287
654
869
523
320
843
91
934
953
815
768
583
351
934
285
219
432
651
83
662
673
263
864
55
919
974
893
795
616
411
27
438
393
759
152
839
991
830
749
507
184
619
803
422
153
575
656
159
815
974
789
691
408
99
435
462
897
359
256
543
799
342
69
339
408
747
155
830
913
743
656
399
55
382
437
819
184
931
115
46
89
63
152
143
295
438
661
27
616
643
259
830
17
847
864
711
503
214
645
787
432
219
651
870
521
319
768
87
855
942
725
667
320
915
235
150
385
535
920
383
303
614
845
459
304
763
995
758
753
439
120
487
607
94
629
651
208
859
67
854
921
703
552
255
807
62
869
931
728
659
387
974
289
263
480
671
151
750
829
579
408
987
395
310
633
871
504
303
807
110
845
883
656
539
195
662
785
447
160
607
767
302
997
227
224
451
603
982
585
495
8
503
511
942
381
323
704
27
731
686
345
959
304
191
423
614
37
579
616
123
667
790
457
247
632
807
367
174
541
643
112
755
867
622
489
39
456
423
879
302
109
411
520
859
307
94
329
423
752
103
855
958
741
699
440
67
435
430
793
223
944
95
39
134
173
235
336
571
907
406
241
647
888
463
351
742
21
763
784
475
259
734
921
583
504
15
519
534
981
443
424
795
147
942
89
31
120
151
199
278
477
683
160
843
931
702
561
263
752
943
695
638
261
827
88
843
859
702
489
191
680
799
407
206
613
747
360
107
395
430
753
111
864
903
767
598
293
891
184
75
259
334
521
783
232
15
247
190
365
483
848
331
107
438
545
911
384
295
679
902
509
411
920
259
107
366
401
767
168
863
959
822
781
531
240
699
867
566
433
927
288
143
431
574
5
507
440
947
387
262
577
839
416
183
527
710
165
875
40
843
811
654
393
47
368
415
711
54
765
819
584
403
987
390
377
767
72
767
839
606
373
907
280
187
395
582
905
415
320
735
55
718
701
419
120
467
515
910
425
335
688
951
567
446
13
387
400
787
115
830
945
703
576
279
855
62
917
979
824
731
555
214
769
983
680
591
199
790
989
707
624
331
955
214
169
311
408
719
127
846
901
747
648
323
899
150
49
199
176
375
479
782
261
43
232
275
507
710
145
783
856
567
423
990
413
331
672
3
603
606
209
743
880
551
359
910
269
107
376
411
787
198
913
39
880
919
799
646
373
19
392
339
659
998
657
583
168
751
847
526
373
899
200
27
227
254
409
663
0
591
591
182
701
811
512
323
763
86
777
791
568
359
927
214
69
283
352
635
915
550
465
943
336
279
543
822
293
43
336
379
715
94
809
903
640
471
39
510
477
987
464
379
771
78
849
927
704
559
263
750
941
691
632
251
811
62
801
791
592
311
903
142
45
115
88
203
291
494
785
279
64
343
407
750
85
763
776
539
315
782
25
735
760
495
183
606
717
251
968
219
115
262
377
639
944
583
455
38
421
459
880
267
75
270
273
471
744
143
815
958
773
731
432
91
523
542
993
535
456
919
375
294
669
963
560
451
11
390
401
791
120
839
887
654
541
123
592
715
307
22
257
207
464
671
63
662
725
387
40
427
395
750
145
895
40
863
831
622
453
75
456
531
987
446
433
879
240
119
359
406
693
27
720
747
395
70
393
391
784
103
815
918
733
651
312
891
203
94
225
247
472
719
119
838
957
723
608
259
795
54
849
831
680
439
119
486
533
19
552
571
123
694
817
439
184
623
807
358
93
379
472
779
251
30
209
167
304
399
631
958
589
475
992
467
459
926
385
239
552
791
271
990
261
179
368
547
843
390
233
551
712
191
903
94
997
19
944
963
835
798
633
359
920
207
55
262
317
507
824
259
83
270
353
551
904
383
215
598
813
411
224
635
859
494
353
847
128
903
31
934
893
755
648
403
51
382
433
815
176
991
95
14
109
123
160
211
371
582
881
391
200
519
719
238
885
123
936
59
995
982
905
815
648
463
111
502
613
115
656
699
283
982
265
175
368
543
911
454
293
675
968
571
467
38
433
399
832
231
63
222
213
435
648
83
659
742
401
71
400
471
871
270
69
339
408
747
83
758
841
599
440
39
407
374
709
83
720
803
523
254
705
887
592
479
999
406
405
811
144
883
27
910
937
775
712
487
127
542
597
139
736
803
467
198
665
791
384
175
559
734
293
955
248
203
379
510
889
327
144
471
615
86
629
643
272
915
187
30
217
247
392
567
959
454
413
867
208
3
139
142
281
351
632
911
471
382
853
235
16
179
195
374
569
871
368
239
607
846
381
155
536
691
155
774
929
703
560
191
751
870
621
491
40
459
427
814
169
983
152
63
143
134
205
339
544
811
283
94
305
327
632
959
519
406
853
259
112
371
411
710
121
759
808
567
375
870
173
971
144
43
115
158
273
359
632
919
551
470
949
347
224
499
651
150
801
879
608
487
95
510
605
115
648
691
267
958
225
183
336
447
783
230
941
99
40
67
35
102
137
167
232
399
631
30
661
619
208
827
963
718
681
399
8
335
271
606
805
411
216
555
699
182
881
63
872
935
807
670
405
75
480
483
891
302
193
495
616
39
583
550
133
683
744
427
171
526
697
223
848
999
847
846
693
467
160
627
715
270
985
255
240
423
591
14
533
475
8
483
419
902
321
151
400
551
951
430
381
811
120
859
979
838
817
583
400
983
311
222
461
611
72
683
683
294
977
271
248
447
695
142
765
835
528
291
819
110
857
967
824
719
471
118
517
635
152
787
867
654
449
31
480
511
991
430
349
779
56
763
819
510
257
767
24
719
671
318
989
307
224
459
611
70
681
679
288
967
255
222
405
627
32
587
547
62
609
671
208
807
943
750
693
443
64
435
499
934
361
295
584
807
391
198
517
715
232
875
107
910
945
855
800
655
455
38
493
459
880
339
219
558
705
263
968
159
55
142
197
339
464
731
195
926
121
975
24
999
23
22
973
923
824
747
571
246
817
63
808
799
607
406
941
347
288
563
851
342
193
535
656
119
703
750
381
131
440
499
939
438
305
671
976
575
479
54
533
587
48
563
611
174
713
815
528
343
799
70
869
867
664
531
123
582
705
287
992
207
199
334
461
795
256
979
235
214
377
591
896
487
311
726
37
763
800
563
363
854
217
999
144
143
287
430
717
75
792
795
515
310
825
135
960
95
983
6
989
995
912
835
675
510
113
551
664
215
879
94
901
995
824
747
571
318
817
135
952
15
895
910
805
643
448
91
467
558
25
511
464
975
439
342
709
51
760
811
499
238
737
975
712
687
327
942
197
139
264
403
595
926
521
447
968
415
311
654
965
619
584
131
643
774
417
119
536
583
119
630
677
307
984
291
275
566
841
335
104
439
471
838
309
75
312
387
627
14
641
583
152
663
743
406
149
555
632
115
747
862
537
327
792
119
911
958
869
827
624
379
3
382
385
695
8
703
639
270
909
179
16
195
139
334
473
735
136
799
863
590
381
971
352
323
603
854
457
311
768
79
775
782
557
267
752
19
699
718
417
63
408
399
735
134
797
859
656
515
99
542
641
111
752
863
543
334
805
67
872
939
739
606
273
879
152
959
39
926
893
819
712
459
171
630
729
359
88
375
391
694
13
707
720
355
3
286
217
503
720
151
799
950
749
627
304
931
235
166
401
495
824
247
71
318
317
563
808
371
179
478
657
135
720
783
503
214
717
931
576
435
939
302
169
471
640
39
607
574
181
683
792
475
267
742
9
751
688
367
55
422
477
827
232
59
291
350
569
847
416
263
607
798
333
131
464
523
915
366
281
575
784
359
143
430
501
931
432
363
723
86
809
823
560
383
943
254
197
451
576
955
459
342
801
71
800
871
671
470
69
467
536
3
467
470
937
335
272
535
735
270
5
275
280
555
763
246
9
255
192
375
567
942
509
451
888
267
83
350
433
711
72
783
783
566
277
843
120
891
939
758
625
383
936
247
183
430
541
971
512
411
851
262
41
303
272
575
775
278
53
331
384
715
99
814
841
583
352
935
287
150
365
443
808
179
987
94
81
175
184
287
399
614
941
555
496
979
475
454
857
239
96
335
359
622
981
603
584
115
699
742
369
111
480
519
999
518
445
963
336
227
563
790
353
143
424
567
991
486
405
819
152
971
51
950
1
951
952
903
783
614
325
939
264
131
395
526
849
303
80
383
463
774
165
939
104
971
3
902
905
807
640
447
87
462
477
867
344
139
483
622
33
583
544
55
599
654
253
835
16
851
867
646
441
87
456
543
999
470
397
795
120
843
963
806
697
431
128
559
615
102
717
819
464
211
675
886
489
303
720
23
671
622
293
915
136
979
115
94
137
159
224
383
535
846
381
227
608
835
371
206
577
711
288
927
143
70
213
283
424
635
59
694
681
303
984
287
199
414
613
27
640
595
163
758
921
679
528
207
735
870
533
331
792
51
843
894
665
487
80
567
575
142
645
787
360
147
435
510
945
455
400
855
255
110
365
475
840
243
83
254
265
519
784
303
87
318
333
651
912
563
475
966
369
335
632
895
527
422
949
299
176
475
651
126
705
759
464
151
543
694
237
931
96
955
51
6
985
919
904
823
655
406
61
467
456
923
379
230
609
839
376
143
519
662
109
699
736
435
171
606
705
239
944
111
983
94
77
99
104
203
235
366
601
967
496
391
887
278
165
371
464
835
299
62
361
423
712
63
703
694
325
19
344
363
635
926
561
487
48
463
439
830
269
99
296
395
691
14
633
575
208
783
919
630
477
107
584
619
131
750
809
559
368
855
151
934
13
947
960
835
723
558
209
695
904
599
431
958
389
347
736
83
747
758
505
191
696
887
511
326
765
91
784
803
587
390
905
223
128
351
407
686
21
635
656
291
875
166
969
63
32
95
127
150
205
355
560
843
331
174
505
607
40
575
615
190
733
851
584
435
947
310
257
567
824
319
143
462
533
923
456
379
763
70
761
759
520
279
727
6
733
667
400
995
395
318
713
31
672
631
231
790
949
739
688
355
43
398
369
767
136
831
895
726
549
203
752
883
635
518
81
527
608
135
671
806
405
211
544
683
227
910
137
47
184
231
343
574
845
347
192
539
731
270
1
199
128
327
455
782
165
875
40
915
883
726
609
263
800
63
863
926
717
643
288
859
147
6
153
87
168
255
423
678
101
707
736
443
179
622
729
351
8
287
295
582
877
387
192
579
771
350
49
327
304
631
935
494
357
851
208
987
195
182
305
415
648
991
639
558
197
755
880
563
371
862
233
95
256
279
535
814
277
19
224
243
467
638
33
599
560
159
719
878
525
331
856
187
971
158
129
215
272
415
687
30
645
675
320
995
243
166
409
575
984
559
471
958
429
387
816
203
947
78
953
31
984
943
927
870
725
523
176
699
875
574
377
879
256
63
247
310
557
867
424
219
571
718
289
7
224
159
311
398
709
35
744
779
451
158
537
695
232
855
15
798
741
539
280
747
955
702
585
287
872
87
887
974
861
763
552
243
795
966
761
655
416
71
415
414
757
99
856
883
667
550
145
695
840
463
231
622
853
403
256
587
843
430
201
559
688
175
791
966
757
651
408
59
395
382
777
159
864
951
743
694
437
59
496
483
907
390
297
687
984
599
511
110
621
731
352
11
291
302
521
823
272
95
367
390
685
3
616
547
163
638
729
367
96
391
487
806
221
27
248
203
451
654
33
615
648
191
839
30
797
755
552
235
715
950
665
615
280
823
103
926
957
811
768
579
275
782
57
839
896
663
487
150
637
715
280
923
203
54
185
239
424
591
943
534
477
11
416
427
771
126
897
23
920
871
719
590
237
827
992
747
739
486
225
711
936
647
511
86
597
683
280
963
171
62
161
223
384
535
919
382
301
683
912
523
363
814
177
991
96
15
111
126
165
219
384
531
843
374
217
519
736
255
919
102
949
979
856
835
691
526
145
599
744
343
15
286
229
515
672
187
787
974
761
663
352
943
223
94
317
411
656
67
651
718
369
15
312
255
567
822
317
67
312
379
619
998
617
543
88
559
647
206
781
987
696
611
307
918
153
71
152
223
375
526
829
283
112
323
435
758
121
807
856
591
447
38
413
379
792
99
819
918
737
655
320
903
223
54
205
259
464
723
115
766
881
575
384
959
271
158
429
587
16
531
547
6
481
487
968
383
351
734
13
747
688
363
51
414
465
807
200
935
135
70
133
131
264
395
659
982
569
479
48
527
503
30
533
491
24
443
395
838
233
999
160
159
247
406
581
987
496
411
907
318
225
543
768
311
79
390
397
715
112
827
867
694
489
111
600
711
311
22
261
283
472
755
155
910
993
831
824
655
479
134
613
747
360
107
395
502
897
327
224
479
631
110
741
851
520
299
819
118
865
911
776
615
391
6
325
259
512
771
283
982
193
103
224
327
551
806
285
91
304
323
627
878
505
311
816
55
799
854
653
507
160
667
827
422
177
599
776
303
79
382
389
699
88
715
731
446
177
623
728
351
79
358
365
651
944
595
539
62
529
591
120
639
759
398
85
483
496
979
403
382
785
95
808
831
567
326
821
147
968
43
939
910
849
759
536
223
687
910
597
435
960
395
283
606
889
495
384
807
191
998
117
43
160
203
291
422
713
135
776
911
615
454
69
523
592
115
707
750
457
207
592
727
247
974
149
123
272
323
523
846
297
71
368
439
735
174
909
11
848
859
635
422
57
479
464
871
335
206
541
675
216
819
963
782
745
527
272
799
71
798
869
595
392
987
379
366
745
39
712
751
391
142
533
603
64
595
659
254
841
23
792
743
535
278
741
947
688
635
251
814
65
879
872
751
551
302
853
83
864
875
739
542
281
823
32
783
743
526
197
651
848
499
347
774
49
751
800
551
279
830
37
867
832
627
459
86
545
631
176
735
839
502
341
843
112
883
923
806
729
463
192
655
775
358
133
419
480
899
379
206
585
791
304
23
255
278
533
739
272
11
211
222
433
583
944
455
399
854
181
963
72
35
35
998
33
31
64
23
87
110
125
235
288
451
739
190
929
47
976
23
927
878
805
611
344
955
227
182
409
519
856
303
87
318
405
723
56
707
691
398
89
415
432
847
207
54
261
243
432
675
35
710
673
311
984
295
279
574
781
283
992
275
195
470
665
63
656
647
231
806
37
843
808
579
387
894
209
103
312
415
655
998
653
651
304
883
115
998
41
967
8
903
839
742
581
251
760
11
771
782
481
191
672
791
463
254
645
827
472
227
699
926
553
407
888
223
39
262
229
419
648
67
643
638
281
919
200
119
247
294
541
835
304
139
371
438
809
247
984
231
215
374
517
891
408
227
635
790
425
143
568
639
135
774
909
683
592
275
867
70
937
7
872
807
607
414
949
291
240
531
771
230
929
87
16
103
47
78
125
203
256
387
643
958
529
487
16
431
375
806
181
915
24
867
891
758
649
335
912
247
87
262
349
539
816
355
99
382
481
791
272
63
263
254
445
699
72
699
771
398
169
567
664
159
823
910
661
571
232
731
891
622
513
63
576
567
71
638
709
275
984
259
171
358
529
815
344
159
431
518
949
395
344
739
11
678
689
295
912
207
119
326
373
627
0
555
483
38
521
559
8
495
503
998
429
355
784
139
851
990
841
759
528
287
815
30
773
731
504
163
595
758
353
111
464
503
895
398
221
619
840
387
155
470
553
23
504
455
959
414
373
787
88
803
891
694
513
135
648
783
431
214
573
715
288
931
147
78
153
159
312
471
711
182
821
931
752
683
363
974
337
311
648
959
535
422
885
307
192
427
619
974
521
495
16
511
455
894
349
243
592
763
355
118
401
447
848
295
143
366
509
875
312
115
355
398
681
79
688
767
383
150
461
539
0
539
539
78
617
695
312
7
319
254
501
755
256
939
195
134
257
391
576
895
471
366
765
59
824
883
635
446
9
383
392
775
95
870
965
763
656
347
3
350
281
559
840
399
167
494
589
11
600
611
139
750
889
567
384
879
191
70
189
259
448
635
11
574
585
159
744
831
503
334
765
27
792
819
611
430
969
399
368
695
63
686
749
435
112
475
515
990
433
351
784
63
847
910
685
523
208
731
939
598
465
63
528
519
975
494
397
819
216
35
251
214
465
607
0
607
607
214
749
891
640
531
171
630
801
359
88
447
535
982
445
427
872
227
27
182
137
319
456
775
159
862
21
883
832
643
403
46
377
351
728
79
807
814
549
363
912
203
43
246
289
463
680
143
823
894
717
539
184
723
907
630
465
23
488
511
999
438
437
803
168
971
139
110
249
359
536
823
359
182
469
651
120
699
819
518
265
711
904
615
447
62
509
499
936
363
227
590
745
263
8
271
279
478
685
91
776
867
571
438
9
375
384
759
71
758
829
515
272
787
59
846
833
679
440
119
559
606
93
627
648
275
851
54
905
959
792
751
543
222
693
843
536
379
843
150
993
71
992
63
55
46
101
75
104
179
283
390
673
991
592
583
175
686
861
475
336
811
75
814
817
631
376
7
311
318
557
875
432
235
595
758
281
967
176
143
247
318
565
883
376
187
563
678
169
847
16
791
735
526
189
643
832
403
163
566
729
223
952
175
55
230
213
371
584
955
467
422
889
239
128
295
351
646
997
571
496
67
491
558
977
463
440
903
343
174
517
691
136
755
819
574
321
823
144
967
39
934
973
835
808
643
379
950
257
135
392
527
847
374
221
523
672
123
723
846
497
343
768
111
807
846
653
499
152
651
803
454
185
567
752
319
999
246
173
419
592
939
531
470
929
327
256
511
767
278
973
179
80
187
267
454
649
31
608
639
247
814
989
803
720
451
171
622
793
343
136
479
543
950
493
371
864
235
27
190
145
335
480
815
223
966
117
83
200
211
411
622
961
511
472
911
311
222
533
755
288
971
187
158
345
503
848
279
55
334
389
651
40
691
659
278
865
71
936
7
871
806
605
411
944
283
227
510
737
247
984
159
71
230
301
459
688
75
763
838
529
367
896
191
15
134
77
139
216
355
499
854
353
135
488
551
967
518
485
931
344
275
619
822
369
191
488
607
95
630
725
355
8
291
299
518
745
263
936
199
135
262
325
515
840
283
123
406
457
791
176
895
71
966
37
931
896
827
651
478
129
535
592
55
647
702
277
907
112
19
131
78
209
287
424
711
63
702
765
467
232
627
787
414
201
543
744
287
959
174
133
235
296
531
827
286
41
255
296
551
775
326
101
355
384
667
979
646
553
199
680
807
487
294
781
75
784
859
571
430
1
359
288
575
791
294
13
235
248
483
659
70
729
727
384
111
423
534
885
347
232
579
811
390
129
519
648
95
671
694
365
59
352
339
691
30
649
607
184
791
975
694
669
363
960
251
139
390
529
847
304
151
383
534
845
307
152
459
611
70
681
679
360
39
327
294
549
771
320
91
339
430
697
55
752
807
559
294
781
75
856
931
715
646
361
935
224
87
239
326
493
819
312
59
299
286
513
799
240
967
207
174
381
483
864
347
139
414
481
895
376
199
575
702
205
907
112
19
131
78
209
287
424
639
63
702
693
323
16
267
211
478
617
95
640
663
303
966
269
163
360
523
883
406
217
551
768
319
15
262
205
395
600
995
595
518
41
559
600
87
615
630
245
875
48
923
971
822
721
543
192
663
855
518
373
819
120
867
987
854
769
623
320
943
263
134
325
387
712
99
739
838
577
343
848
191
39
230
269
427
624
979
603
510
41
551
592
143
735
806
469
203
672
875
475
278
681
887
568
455
951
334
213
547
760
235
995
158
81
239
320
487
807
222
957
179
136
243
379
622
929
479
408
815
151
966
117
11
128
67
123
190
313
431
744
175
847
950
797
675
472
147
547
622
169
719
816
535
351
814
93
907
928
763
691
454
73
455
456
911
367
278
573
779
352
59
411
470
809
207
16
151
95
246
341
515
856
299
155
454
537
919
384
303
615
846
461
307
768
75
771
846
617
391
936
255
119
374
421
795
216
939
83
950
961
839
800
639
367
934
301
163
464
555
19
574
521
23
472
423
823
174
997
171
96
267
291
558
777
263
40
303
343
646
989
563
480
971
451
422
801
223
952
175
55
230
285
443
656
27
611
566
105
671
776
375
151
526
605
59
592
579
171
678
777
455
232
615
775
318
93
339
360
699
59
758
745
431
176
607
711
318
957
203
160
363
523
814
265
7
272
279
479
686
165
851
944
795
667
390
57
447
432
807
239
46
285
331
544
803
347
150
497
575
72
647
647
222
797
947
744
691
435
54
489
471
888
359
247
606
781
315
96
411
435
846
281
55
264
319
511
758
269
955
224
179
331
438
697
135
832
895
655
478
61
539
528
67
523
590
113
631
672
231
831
62
821
811
632
443
75
518
521
967
488
383
799
182
981
91
0
91
91
110
129
239
368
607
903
438
341
779
48
827
875
630
433
991
352
343
623
894
517
411
856
195
51
246
225
471
696
95
719
814
533
347
808
155
891
46
937
911
776
615
319
862
181
971
80
51
131
182
313
495
736
159
823
982
805
715
448
163
539
630
169
799
896
695
591
214
733
875
536
411
875
214
89
303
320
623
871
494
365
787
80
795
875
598
401
999
328
327
655
910
493
331
824
83
907
990
825
743
496
167
591
686
277
963
240
131
299
430
729
87
744
831
503
334
837
99
864
891
755
574
329
903
160
991
79
70
149
147
224
299
451
750
129
879
8
815
751
494
173
595
768
291
59
350
337
615
952
495
375
870
173
43
216
187
331
446
705
79
784
791
575
366
869
163
960
123
83
134
145
207
352
487
767
254
21
275
224
499
651
78
729
807
536
343
807
150
885
963
848
811
659
398
985
311
296
607
831
366
197
563
688
251
939
118
985
31
16
975
991
894
885
707
520
227
747
974
721
695
416
39
383
422
805
155
960
43
3
974
977
879
856
663
519
182
629
739
296
963
187
78
193
199
320
447
767
214
909
51
888
939
827
694
449
71
448
519
967
414
309
723
32
755
787
470
185
583
768
351
47
398
445
771
144
843
987
758
673
431
104
463
567
30
525
555
8
491
499
990
417
407
752
159
911
998
837
763
528
291
819
38
785
823
608
359
967
326
221
475
624
99
651
678
329
935
264
199
391
518
909
355
264
619
811
358
169
455
624
79
631
638
197
835
32
795
827
622
377
999
376
303
607
910
517
427
944
299
171
398
569
967
464
431
895
254
77
259
336
595
859
382
241
551
720
271
991
262
253
443
624
67
691
758
449
135
512
647
159
806
893
699
592
219
811
958
697
655
352
935
215
78
293
299
592
891
411
230
569
799
296
95
319
414
733
75
736
739
403
70
473
543
944
487
359
774
133
907
40
947
915
790
705
495
200
623
751
374
125
499
552
979
531
438
897
335
232
567
799
294
93
315
408
651
59
638
697
335
960
223
111
262
301
491
720
139
787
926
641
495
136
559
695
254
877
59
936
923
859
782
569
279
776
983
759
742
429
171
600
699
299
998
225
151
304
383
687
998
685
611
224
835
59
894
953
847
800
575
303
806
109
915
952
795
675
470
73
471
544
15
559
574
61
563
552
115
595
710
233
871
104
975
79
54
61
115
104
147
251
398
577
975
552
455
935
318
253
571
752
251
931
182
41
151
192
343
535
878
413
219
632
851
411
190
601
719
248
967
215
110
253
291
544
763
307
998
233
231
464
695
159
854
941
723
664
315
907
222
57
279
336
543
807
278
13
291
304
523
755
206
961
167
56
151
207
358
565
851
416
267
611
806
345
151
496
575
999
502
501
3
432
363
795
86
809
895
704
599
231
830
989
819
808
555
291
774
993
767
688
455
71
526
597
51
576
555
59
542
601
143
744
815
487
302
717
947
664
611
275
814
89
831
920
751
599
278
805
11
744
755
499
254
681
863
544
335
807
142
877
19
824
771
595
366
961
255
144
399
471
798
269
67
264
331
523
782
305
87
392
479
799
206
5
139
72
211
283
422
705
55
688
743
431
174
533
707
168
875
43
846
817
591
336
855
119
974
21
995
16
939
883
750
633
383
944
327
199
454
653
107
760
867
627
422
49
399
448
847
223
998
149
75
224
227
451
606
985
591
576
167
743
910
581
491
72
491
491
910
401
311
640
879
447
326
773
27
800
827
555
382
865
175
40
215
183
398
581
907
488
323
739
62
801
863
592
383
975
358
261
547
808
355
163
446
537
983
520
431
951
382
261
571
832
331
91
422
513
935
376
311
615
854
469
323
792
115
835
878
713
591
232
823
55
806
789
595
312
835
147
982
57
967
24
991
15
6
949
883
832
643
475
118
521
567
16
583
599
110
637
747
384
59
443
502
873
375
176
551
655
134
789
923
712
635
275
910
113
951
64
15
7
22
29
979
936
915
779
694
401
95
496
519
943
390
261
579
768
347
43
318
361
679
40
719
687
406
21
355
376
731
107
838
945
711
584
223
807
30
765
795
560
283
771
982
681
663
272
935
207
70
205
203
408
539
875
414
289
631
848
479
327
734
989
651
640
219
787
6
793
799
592
319
911
158
69
155
152
307
459
766
225
919
144
991
63
54
117
171
216
387
603
918
449
367
816
111
927
38
893
859
680
539
219
758
905
591
496
15
511
526
965
419
384
803
115
918
33
879
840
719
559
206
693
827
448
275
723
998
649
575
224
799
23
822
773
523
296
747
971
718
617
263
880
143
23
94
117
211
256
395
579
974
481
383
864
247
39
286
325
539
864
331
195
526
649
103
680
711
391
102
421
451
872
323
123
374
425
799
224
951
175
126
229
283
440
723
163
814
977
791
696
415
39
382
421
803
224
955
107
62
169
159
328
415
743
86
829
843
600
443
43
486
529
15
544
559
31
590
621
139
688
755
443
126
497
623
120
743
863
534
325
859
184
971
83
54
137
191
328
447
703
150
853
931
712
571
283
782
65
847
840
615
383
926
237
91
328
347
603
950
553
503
56
487
543
30
501
459
960
347
307
654
889
471
360
759
47
806
853
659
512
99
539
638
177
815
992
735
655
390
973
291
264
555
747
302
49
279
256
463
719
110
757
867
624
419
43
390
361
751
112
863
903
694
525
219
744
891
563
382
945
255
200
455
583
966
477
443
920
291
139
430
497
855
352
207
487
622
109
731
768
427
123
550
673
151
752
831
583
414
925
267
192
459
579
966
545
511
56
495
479
974
381
355
736
19
683
702
385
15
328
271
527
798
325
123
376
427
731
158
889
975
864
839
631
398
29
427
384
739
51
718
769
487
184
599
783
310
21
331
352
611
963
574
465
967
360
255
615
870
413
211
624
763
315
78
393
399
792
119
911
958
869
755
624
307
859
166
25
191
216
407
623
30
653
683
336
947
211
158
297
455
680
135
815
878
621
427
976
331
307
638
873
439
312
751
63
814
805
547
280
827
107
862
969
831
728
487
143
558
701
259
960
147
35
182
145
255
400
583
911
494
405
899
232
59
291
350
569
847
344
119
463
582
45
555
528
83
539
622
161
711
800
439
239
678
917
523
368
891
187
6
193
127
248
375
551
926
477
331
736
67
731
726
457
111
568
607
175
782
885
595
408
931
339
270
609
807
344
151
423
574
925
499
352
779
131
910
41
951
992
943
863
806
597
403
0
331
259
518
705
151
856
935
791
726
445
99
472
499
899
398
297
623
920
471
319
790
109
827
936
763
627
318
945
263
208
471
607
6
541
547
16
563
579
70
577
575
152
727
807
462
197
587
784
299
83
310
393
703
24
655
607
190
725
843
568
339
835
174
9
111
48
87
63
150
213
363
504
867
299
166
465
559
952
439
319
686
933
547
480
955
435
390
753
71
752
823
575
326
829
83
912
995
835
758
593
279
872
79
951
958
909
867
704
499
131
558
617
103
648
679
255
934
189
51
240
291
459
750
209
887
24
839
791
630
421
979
400
379
707
14
649
663
240
831
71
830
901
731
560
219
779
926
705
559
192
751
943
694
637
259
896
155
979
62
41
103
72
103
175
278
453
659
40
699
739
366
105
399
432
831
263
94
357
379
664
971
635
606
169
703
800
431
231
662
821
411
160
571
731
230
961
191
80
199
279
406
685
19
704
723
355
6
289
223
440
663
103
694
725
419
144
491
635
126
689
743
360
31
391
422
813
163
904
67
971
966
865
759
624
383
7
318
253
571
752
323
3
254
257
511
768
207
975
110
13
123
136
259
323
510
833
343
176
519
623
142
693
763
456
219
675
894
497
319
816
63
807
870
605
403
8
411
419
758
105
863
968
759
727
414
141
555
624
107
659
694
281
903
112
15
127
70
125
195
320
443
763
206
897
103
928
31
887
846
733
579
312
891
203
94
225
247
400
647
47
622
669
219
816
35
851
886
665
479
72
551
623
102
725
755
480
235
643
806
377
111
416
527
943
470
341
739
80
819
899
646
473
119
520
567
87
654
741
323
992
315
307
622
857
407
264
671
863
462
253
643
896
539
435
902
337
239
504
671
103
774
877
651
456
35
491
526
945
399
344
671
943
614
557
99
656
683
339
950
217
167
384
551
935
486
349
763
112
875
987
790
705
495
200
695
895
518
341
787
128
843
899
742
641
383
24
335
359
622
981
603
512
43
483
454
865
247
112
287
327
614
941
483
424
907
259
94
353
447
800
175
975
150
53
203
184
315
499
814
241
983
152
135
215
278
493
771
264
35
227
262
489
679
96
703
727
430
157
515
600
115
715
758
401
87
488
575
991
566
485
979
464
443
907
350
185
535
720
183
831
942
773
643
344
987
331
246
577
751
328
7
263
270
533
803
336
139
403
470
801
271
72
271
271
470
669
139
736
803
539
342
881
151
32
183
143
254
397
651
976
555
531
86
545
631
104
663
767
430
197
627
752
307
59
366
425
791
144
863
935
798
733
459
192
579
771
350
49
327
304
559
863
422
285
635
848
483
331
742
1
743
744
487
159
574
733
307
968
203
99
302
401
631
32
663
623
214
837
51
816
867
683
478
161
639
728
295
23
318
269
515
784
227
939
166
105
199
232
359
591
950
469
419
888
235
51
286
337
623
888
439
255
694
949
571
520
91
539
630
169
727
896
551
375
926
301
227
456
611
995
606
601
135
736
871
535
334
797
59
856
915
699
542
241
711
952
591
543
134
605
667
200
795
923
718
569
215
784
999
783
782
565
275
840
43
883
854
665
519
184
703
887
590
477
995
472
467
867
334
129
391
520
911
431
270
701
899
528
427
955
382
337
647
912
559
471
958
429
387
744
59
803
862
593
383
904
287
191
406
525
931
456
315
699
14
641
655
224
807
31
838
869
635
432
67
499
566
65
559
552
111
591
630
221
851
72
923
923
774
625
399
24
351
375
654
29
611
568
179
747
926
673
599
272
871
71
942
13
883
896
707
603
238
769
7
776
783
559
342
901
243
72
243
315
558
801
359
160
447
535
910
373
283
656
867
451
318
769
15
712
727
367
94
461
483
872
355
155
510
665
103
696
727
351
6
357
291
648
867
443
310
753
63
816
879
623
430
53
411
392
803
123
854
977
831
736
567
231
726
957
683
640
323
891
214
105
247
352
527
807
334
141
475
616
19
635
582
217
727
872
599
471
70
541
539
80
619
627
174
729
831
488
319
807
54
789
843
632
403
35
438
401
767
96
863
959
750
637
315
952
267
147
342
489
831
320
79
327
406
733
67
728
795
523
246
769
15
712
655
367
22
317
267
512
707
219
926
145
999
72
71
143
142
285
427
640
995
563
558
121
607
656
263
847
38
885
923
736
659
323
910
233
143
376
447
751
198
949
75
952
27
907
934
841
703
472
175
647
750
325
75
400
403
731
62
793
855
576
359
863
222
85
235
248
411
659
70
657
727
384
39
351
318
669
987
584
499
83
510
521
31
480
511
991
430
349
779
56
835
819
654
401
983
384
367
751
118
869
987
784
699
411
110
521
559
8
567
575
142
645
715
360
3
363
294
657
951
536
415
879
222
29
179
208
387
523
838
361
127
416
543
959
430
389
819
136
883
19
902
849
751
528
279
807
14
749
691
368
987
355
270
625
895
448
271
647
846
493
267
688
955
643
526
169
695
792
415
207
550
757
307
992
227
147
302
449
751
128
807
863
670
533
203
664
795
459
182
641
823
392
143
463
606
997
603
600
131
659
718
377
23
328
351
679
30
709
667
304
899
203
102
233
335
568
831
399
230
557
715
200
915
115
958
1
959
960
847
735
510
245
755
928
611
539
150
617
767
384
79
391
470
789
187
976
163
67
158
153
311
464
703
167
870
965
835
728
491
219
710
929
567
424
991
415
406
821
155
976
59
35
94
57
79
64
71
63
134
197
331
456
715
99
814
913
655
568
223
719
870
589
459
976
435
411
774
185
887
72
959
959
846
733
507
168
603
771
374
145
447
520
967
487
382
797
179
976
83
59
142
129
271
400
599
927
454
381
835
144
979
123
30
153
183
264
447
711
86
725
739
392
131
451
510
961
399
360
759
47
734
709
443
152
595
675
198
873
71
872
871
671
542
213
683
896
579
403
910
313
151
392
543
935
406
341
675
16
691
635
254
817
999
816
815
559
374
933
235
168
331
499
758
185
943
128
71
199
270
469
739
136
803
939
742
609
351
888
167
55
222
277
499
704
203
907
38
873
839
640
407
47
454
429
811
168
907
75
982
985
967
952
847
727
502
229
731
888
547
435
982
345
255
600
855
383
238
621
787
336
123
459
582
969
479
376
855
231
14
245
187
360
547
907
382
289
671
888
559
447
934
309
171
408
579
987
494
409
903
312
215
455
598
53
651
704
355
987
270
257
527
784
311
23
262
213
475
688
91
707
798
433
231
592
751
343
94
437
459
824
283
107
390
425
815
168
911
79
990
69
987
984
971
955
926
881
735
544
279
751
958
709
667
304
899
131
30
89
47
136
183
247
358
533
891
352
171
523
694
217
839
984
823
735
486
221
707
928
635
491
54
473
527
0
455
383
838
149
987
136
51
115
94
137
159
224
383
607
918
453
371
824
123
947
70
945
943
888
831
647
406
981
315
296
611
907
446
353
799
80
807
887
622
509
131
568
627
195
750
873
623
496
119
615
662
277
867
144
11
83
22
33
983
944
927
799
654
453
35
488
523
939
390
329
719
976
695
671
294
965
187
80
267
347
542
817
359
176
463
567
958
453
411
864
203
67
270
265
463
728
191
847
38
813
779
592
371
963
262
225
415
640
55
623
606
157
691
848
539
315
782
25
807
760
495
255
750
933
611
472
83
483
494
977
471
448
919
295
142
437
579
16
523
539
62
529
519
976
423
399
750
77
827
904
659
491
78
569
647
144
719
791
510
229
739
968
635
531
94
553
647
200
847
975
822
725
475
200
675
875
550
353
903
184
15
199
214
413
627
968
595
491
86
505
591
96
615
639
182
749
859
536
395
931
254
113
295
336
631
967
526
493
947
368
315
683
998
609
607
216
751
895
646
541
187
656
771
427
198
553
679
232
911
71
910
909
819
728
475
131
606
665
271
864
63
927
990
917
835
680
515
195
710
833
471
304
775
79
782
789
571
360
931
291
150
441
591
960
479
367
846
213
987
128
115
171
214
385
599
912
439
351
790
69
859
928
715
571
214
785
999
712
711
423
62
485
547
960
435
395
830
225
983
208
191
327
446
773
219
920
67
915
910
825
735
488
151
639
718
285
3
216
219
363
582
873
455
328
711
967
606
501
35
464
499
963
390
281
671
952
623
503
54
557
611
168
779
875
654
529
111
568
607
103
710
813
451
192
571
691
262
953
215
96
239
335
574
909
411
248
659
907
566
401
967
368
263
559
822
309
131
440
499
867
366
233
527
688
143
759
902
661
563
152
643
795
438
161
599
760
287
975
190
93
283
304
515
819
334
81
343
352
695
975
598
573
171
744
843
587
430
945
303
248
551
727
206
861
67
928
923
779
702
481
111
520
559
79
638
645
211
784
995
779
702
409
39
448
487
863
278
141
347
488
763
179
942
121
63
184
175
359
534
821
283
104
315
419
734
81
743
824
495
247
742
989
731
720
379
27
406
433
839
200
967
167
134
301
363
592
955
547
430
905
263
168
431
527
958
485
371
856
155
939
94
33
127
88
143
159
302
461
691
80
771
851
622
473
23
424
375
799
174
901
75
976
979
883
790
601
391
992
383
303
614
845
459
304
691
995
686
609
295
832
55
887
942
829
771
528
227
755
982
737
647
384
31
343
302
573
803
376
179
555
662
145
807
880
615
495
110
533
571
104
675
707
310
945
255
128
311
439
750
189
939
56
995
51
974
953
855
808
663
471
62
461
523
984
507
419
854
273
127
328
383
711
94
733
755
488
171
587
758
273
31
232
191
423
614
37
651
688
267
955
150
33
183
216
399
543
942
485
355
768
51
819
870
689
487
104
591
623
214
765
907
672
579
251
830
81
911
920
759
679
438
45
411
456
795
251
46
225
199
352
551
903
382
285
667
880
547
355
830
185
15
128
143
271
342
541
811
352
91
443
462
833
295
128
423
551
974
525
427
880
307
187
422
537
887
352
239
591
830
349
107
456
491
947
438
313
679
920
527
447
974
421
323
672
995
667
662
257
847
104
951
55
934
917
851
768
619
315
934
177
39
216
255
471
654
53
635
688
323
939
190
57
247
232
479
639
118
685
803
488
219
635
782
345
55
328
311
639
950
589
467
984
451
363
742
105
775
808
583
319
830
149
979
56
35
91
54
73
127
128
255
311
494
805
299
104
331
435
766
129
823
880
703
511
142
653
795
376
99
475
502
977
479
384
791
103
822
925
675
528
203
731
862
521
383
832
215
975
118
93
211
304
515
747
190
937
127
992
47
39
14
981
995
976
899
803
630
433
63
424
415
839
182
21
131
80
211
291
502
793
295
88
383
399
710
109
747
856
531
315
846
161
7
168
175
271
374
645
19
592
611
131
670
801
471
200
599
799
398
197
523
720
243
891
62
881
943
824
695
447
142
517
587
104
619
723
342
993
263
184
375
487
862
349
139
488
555
971
526
497
951
448
399
775
102
877
979
784
763
475
238
713
879
520
327
847
102
949
51
928
907
763
598
361
959
248
135
311
446
685
59
744
803
475
206
609
815
352
95
447
542
917
387
304
691
995
614
609
151
760
839
527
366
893
259
152
411
563
902
393
295
688
911
599
438
37
475
440
843
211
982
193
175
368
471
839
238
77
243
248
491
739
230
969
199
96
223
319
542
861
331
192
523
643
94
737
831
568
327
895
222
45
195
168
291
459
750
137
815
952
767
719
414
61
475
464
939
331
270
529
799
328
55
311
294
533
755
216
971
187
86
201
287
488
775
191
894
13
907
920
755
603
358
961
247
208
455
591
974
565
467
960
427
387
742
57
727
712
439
151
590
669
259
928
115
971
14
985
999
912
839
751
590
341
859
128
987
43
958
1
959
960
919
807
654
389
43
360
331
691
22
713
663
304
967
199
166
293
387
680
67
747
814
561
375
864
239
31
270
301
499
728
155
811
894
705
599
232
759
919
678
525
131
656
787
443
158
529
687
216
831
47
806
853
587
368
955
323
278
601
807
336
143
479
550
29
579
536
115
579
694
201
895
96
919
943
790
661
379
968
347
315
590
833
423
184
607
719
254
973
227
200
427
627
54
609
591
200
791
991
710
629
339
968
235
131
366
425
719
144
863
935
726
589
315
904
147
979
54
961
15
976
919
895
814
637
379
16
395
339
662
929
519
448
967
343
310
653
891
472
363
763
126
889
943
760
703
391
22
413
435
848
211
59
198
257
455
640
23
591
542
61
603
592
123
715
838
481
247
728
975
631
534
165
699
864
563
355
846
201
975
176
79
183
262
445
707
80
715
795
510
305
743
976
719
695
414
37
451
488
867
283
150
433
583
944
455
399
854
181
963
144
35
107
142
249
319
496
815
311
54
293
275
568
843
339
182
521
631
80
639
719
358
5
291
296
587
883
398
281
679
888
495
311
806
45
779
824
603
355
886
241
55
224
279
503
782
213
923
136
987
51
38
17
983
0
911
839
750
589
339
928
195
123
318
369
615
984
599
583
110
621
731
352
83
435
446
881
327
136
391
455
846
301
75
304
307
539
846
385
231
544
703
247
878
125
931
984
915
899
814
713
527
168
695
791
486
205
619
824
443
267
710
977
687
592
279
799
78
877
883
688
499
115
542
657
199
784
911
623
534
157
619
704
251
955
206
89
223
312
535
847
310
85
395
408
803
139
870
9
879
888
767
655
422
5
427
360
715
75
790
865
583
376
959
335
294
557
851
336
115
451
566
17
583
600
183
711
894
533
355
888
243
59
302
361
591
952
471
351
822
173
995
168
163
259
422
681
31
640
599
239
838
5
771
704
475
179
582
689
271
888
159
975
62
37
99
136
235
371
534
833
367
128
495
623
46
597
571
168
667
763
430
193
623
816
439
183
550
733
283
16
227
171
398
569
895
392
287
679
894
501
395
896
219
115
262
305
567
872
439
239
606
845
379
152
531
611
70
681
679
360
39
327
294
621
843
392
235
555
790
273
991
264
255
519
774
221
995
144
139
283
350
561
839
400
167
495
662
157
819
976
795
699
422
121
471
520
991
511
430
869
299
168
467
563
30
521
551
72
551
551
30
509
539
976
515
491
934
353
215
568
783
279
990
269
259
456
643
99
670
697
367
64
359
423
782
133
843
976
747
651
398
49
447
424
871
295
94
389
411
728
139
867
934
801
735
464
127
591
646
165
811
976
715
691
406
25
359
384
671
55
654
637
291
928
219
75
294
369
591
960
479
367
846
213
59
200
259
387
646
33
607
568
103
671
702
301
3
304
307
539
774
313
87
328
415
743
86
757
843
600
371
899
270
97
295
392
687
7
622
557
107
664
771
435
134
497
631
128
759
815
502
245
747
992
667
587
254
841
23
792
743
535
278
741
19
688
635
323
958
281
167
448
615
991
534
453
915
368
283
579
862
369
231
528
687
215
902
117
19
136
155
219
374
593
895
416
311
727
966
621
587
208
723
931
582
513
95
536
559
23
510
461
899
360
187
547
734
209
871
8
879
887
694
581
275
784
987
771
686
385
71
384
455
839
222
989
139
56
195
251
374
625
927
480
407
887
294
181
475
584
987
499
486
985
399
384
711
23
734
757
491
248
739
915
582
497
79
576
655
159
742
829
571
400
899
227
54
281
263
472
735
207
870
77
947
952
899
779
606
385
991
376
295
599
894
493
315
736
51
787
766
481
247
656
831
487
246
733
979
640
547
115
662
777
367
72
439
511
878
317
195
512
707
147
854
1
783
712
423
135
558
621
179
728
835
563
398
961
359
320
607
855
462
317
707
952
587
539
54
521
575
96
671
767
438
133
499
632
131
691
750
441
119
488
607
95
702
725
355
80
363
371
734
105
839
872
711
583
222
733
883
616
499
43
470
441
911
352
191
471
590
61
651
640
219
859
78
865
943
736
607
343
950
293
171
392
563
883
374
257
631
816
375
119
494
613
35
648
611
187
798
985
711
696
335
31
366
325
619
872
491
291
782
1
711
712
423
135
486
621
107
656
691
275
894
169
991
160
79
167
246
413
659
72
731
803
462
193
655
776
431
207
566
701
195
896
19
915
862
705
567
272
839
39
878
917
723
568
291
859
150
9
87
24
39
63
30
21
51
72
51
123
174
225
327
552
879
431
238
669
835
432
267
699
966
665
631
224
855
7
862
869
659
456
43
427
398
825
151
904
55
959
14
901
843
744
587
259
846
105
879
912
791
703
422
125
475
528
3
531
534
65
527
520
47
495
542
37
507
472
907
379
214
521
735
184
919
103
950
981
859
840
627
395
22
417
439
784
223
935
158
93
179
200
307
435
742
105
847
952
727
607
262
797
59
856
843
699
470
169
639
736
303
967
198
165
363
456
747
203
878
9
887
896
711
535
174
709
883
520
331
851
110
889
999
888
887
703
518
221
667
888
555
371
854
225
79
232
239
471
638
109
675
784
459
171
558
657
143
728
799
527
326
781
107
816
923
739
590
257
775
32
807
767
502
269
771
968
667
563
230
793
23
744
695
439
62
429
491
848
267
115
382
497
879
304
111
415
526
869
323
192
443
563
6
569
575
144
719
791
438
229
595
752
347
99
374
401
775
104
879
911
718
629
347
976
323
299
550
777
255
32
287
247
462
709
99
736
835
571
334
905
167
72
167
167
334
501
835
336
171
435
534
897
431
328
687
943
558
429
987
344
259
603
862
465
255
720
903
623
454
5
459
464
923
387
310
625
863
488
351
767
46
813
859
600
459
987
374
361
735
96
759
855
614
397
939
264
131
395
526
849
375
152
455
607
62
597
587
184
771
955
654
609
263
800
991
719
710
429
67
424
419
843
190
961
151
112
191
231
350
581
931
512
371
811
182
921
103
24
55
7
62
69
59
128
115
171
286
457
743
200
943
143
14
85
99
112
139
251
390
569
887
384
271
655
854
437
219
656
803
387
190
577
767
344
39
311
350
589
867
456
323
779
30
737
767
504
199
703
902
533
363
896
259
155
342