12.535367781160012
13.323389476804593
17.3770706807615
15.827070104490625
8.828673007161083
18.1289631621406
10.700967027804252
12.932550679720578
15.643540793137454
9.035241317905559
13.52802536778467
12.987913907205206
14.247982778456544
14.419855807270473
10.771296942547155
10.315119342935809
13.366977446739613
11.038199344690446
15.261714055694938
11.389322176955599
12.207809871280162
16.431601544284792
15.38961219196995
9.091063638492793
10.377635217741478
10.07664453677294
19.549204515856683
15.167207473840836
8.28752601697856
17.755533295217376
13.411534038228746
12.44040287372698
11.14144460380307
14.451187839641824
15.81445219050884
10.168450700555493
14.107302351482115
9.35688421271773
10.722640604015037
12.280910529192017
17.097579334147856
15.277390595101071
10.406680978047033
16.426530062326684
11.696105265897163
10.3594075212232
16.901695778606317
10.657841375983297
13.741392783598547
9.585100900832797
11.853669378287485
11.926732693675415
14.620131582371451
14.035326319076594
10.487936150518772
8.68853534038075
11.336225103869555
15.57766987062347
11.842306581720875
11.433656074564835
12.787741757380898
17.114043060035332
12.291807521675777
10.863882391208325
14.458501986988452
9.242775868660196
12.677068933359504
12.87947591632911
10.845479428377368
9.250555983027757
10.163512162089948
8.69794870477986
17.917437854140335
13.193206739931997
8.969945391891056
10.373936844534873
11.008099073785566
12.397871581850993
8.525161171587264
13.158118424134306
10.140706973992511
12.075438409655987
10.317359082235113
14.220001665380233
8.738976764708067
9.503085528541444
15.457825608172195
17.76949570672082
11.244210289714772
13.425094739986308
11.53892440461633
8.978480807056352
9.439688497786028
13.10737085996409
18.66235697371723
13.350676254731393
17.091405436940043
15.778275339092643
10.274664721620665
15.850239205164083
17.345544790556925
8.339831580900585
13.266267342688835
12.973193516551879
10.153214784012855
11.836242932677496
13.536292494398316
15.182444335539582
12.666026190386194
10.249481719851987
12.190683431426526
9.519612633808471
14.666916003435041
14.035326319076594
14.481904883774485
15.06458358247554
10.491753832577059
9.603118007789247
9.72382084851058
8.256074305339173
14.285957146202962
10.09437262357233
10.934498411373628
12.316714933067216
9.255178949536015
18.446428876500665
13.356197626218048
10.887215742835116
10.91636491483735
12.467133434263568
12.255236151779073
11.696105265897163
12.749220720117384
11.462183160579217
11.940501495333818
8.627218930074605
9.662511083987402
13.150215650305999
13.547141055804364
17.015429852579157
10.899774694602037
12.127014407272322
15.775242804912534
11.566148540720526
8.759636284246385
15.47309145420151
17.021565961433318
16.95542776801199
11.12374266777879
12.625078220030618
13.848188634822241
12.531541356318385
18.82009665512543
12.57883019162525
15.563926215213648
16.751841090510773
13.262193937093564
16.07271239765223
13.1847004815568
14.62628742724824
15.758962884577228
13.333560003122763
9.856870392023259
14.143290367684877
13.928186423511125
11.420048122975365
15.978679194025663
12.707660315920704
18.391117245686573
12.719514476663162
19.527410530889174
10.559912182924297
15.882079782112987
11.491423423743962
13.948150379206554
10.780757897261731
11.350307371079332
12.91250021355047
10.200091801654501
14.50317052971248
14.51225488331706
12.020353728714113
13.696308775137544
10.408974064386948
9.874098917943332
10.047146162836249
11.930027371215104
13.632673514840793
12.030279702065652
12.243582533662561
13.736702354840924
10.351053160318987
10.740075791989046
11.2030855820432
11.395017407567135
9.392872228920492
11.577161822515157
14.800889572844408
9.614751100469793
8.818656359773788
13.327662807190379
16.3201468826472
12.620474875621293
10.877377897284362
10.749006010219635
16.25560392887402
14.277314703888257
16.886251977639027
14.971014740348366
11.558504027474841
9.790073296639846
12.786420163565543
15.273737464877467
13.691604041874717
14.463232609292344
11.611042682145184
13.90888193782365
17.674114624022376
10.942796791144465
8.280842528255189
17.327563356884685
10.17561158133053
12.121418184657058
13.139454426369577
9.748674930984237
10.638649173363994
15.261714055694938
11.473322308451502
14.035326319076594
11.228261055261274
12.030279702065654
13.585476116542088
9.907289166407008
14.305236440597302
14.62628742724824
14.564961274513445
11.270792347137265
15.574684689555964
18.82009665512543
11.41539873951563
18.045419553098476
13.919331886687532
17.863142587915664
12.28091052919202
17.035982290741245
17.482599450077863
9.756263416919095
13.590768471866022
18.04541955309848
10.381158520027068
12.040457603674843
14.865372499237038
10.353929251777815
13.878507030595292
11.16588182717649
14.158443216612355
16.842391582891914
18.110098476227865
15.480139322510949
13.255585968016783
13.70892338142365
19.217600652274104
8.86441662257469
14.223719960943392
14.226283139744304
10.163512162089948
13.622522603809633
11.617758149283498
8.63712388866252
17.23636565500634
12.47584561695697
12.609863489795378
14.524118777949909
11.876045346910963
17.143821409878793
14.226283139744304
10.986929652489824
8.7433180348346
14.035326319076594
11.639051093868394
12.401904721597854
14.507669031737823
11.630868025370246
9.39054206959801
11.009746992808585
11.068509373580728
10.822420294227735
17.458576640802594
10.368439262741266
10.386141476116679
12.72536252929611
9.659606937246831
10.327881631018625
9.716764374745335
12.454771553414817
15.657499712738712
13.419141261165914
18.072885945112326
13.736702354840924
18.637072653200065
8.232258706381463
12.59136270600287
15.317399396299935
16.70203831970115
16.437769562882494
14.948868268838973
10.693581957391691
10.100188098774744
15.169494102436317
10.526494739307447
10.95909041352556
9.288083593506569
13.732405607154076
13.970944088255143
12.59136270600287
12.140987797483435
12.639548011102123
14.714455011935138
12.127014407272322
11.999113174340094
13.891374254265553
10.420166509617472
13.043700003054878
13.884408831774694
18.27856450856487
13.711931703429666
16.178124230385997
16.114633921902758
8.547830314625593
14.16528304425323
13.624936660624062
11.097699880200098
11.718816149908612
9.767828451789793
12.218989971901975
9.055049238113932
11.81922216343292
17.284244448492473
12.631793687168935
13.831915792713163
9.10625338559136
9.310563003743882
11.98692734277893
12.390561516059805
16.48185109029178
14.297668867096716
11.904964288502468
14.094798040767598
11.184400660514159
13.274791395382788
14.171591623145297
11.30945715793362
13.799438481781186
11.537514008054488
8.688535340380747
8.668878020606131
19.241979630992105
12.891707137522204
13.932125390259857
16.51214861067835
16.26821914256605
18.21250677118272
9.663667301659293
11.728149389913316
11.577161822515157
17.372396912423476
17.863142587915664
9.80245012760905
14.035326319076594
15.760338492370922
15.800776170532767
15.940120605236993
12.129294349819277
12.631793687168935
12.323701158213591
12.038669018454819
11.431999663118837
12.638445500590297
9.239923160058758
13.063182504768257
11.651969019610757
11.997940240500958
16.587203831635975
10.94997441272786
13.567482108440707
9.122962107399786
10.868819771480046
11.068509373580728
19.006171057082888
9.022709776549238
11.46449922102791
13.565243619394602
15.249921865919758
11.724288652080046
11.173754933633791
14.83480693218855
11.199906860677283
11.429611728193175
13.405168810873153
16.069431582710884
9.148025190112422
13.898396306207552
16.016784152357996
13.521838770817695
11.623970695975327
13.887586042033679
14.035326319076594
11.02775639356018
11.696105265897161
12.464207701269514
14.770160157771704
12.185215122471044
12.955685832993781
13.736702354840924
12.25013130480808
17.806011001813587
11.876045346910963
10.585966460998447
12.59136270600287
12.28091052919202
11.203637675754123
12.924196318816364
12.030279702065654
10.578349393195658
14.76254529933963
9.16592739205002
17.193274740868826
16.97980037202973
11.164464117447292
17.579600642075732
14.61054461084203
12.874509856596571
9.982344387364638
14.29890052225174
12.10890898116412
10.30565918533596
12.006122513908894
18.353888263407853
11.611042682145184
11.882179667854617
15.733868994633632
14.593021404602815
15.698772401337523
9.57966717016339
12.23880455023479
10.02523308505471
10.777125566433812
13.209718888542678
11.98725295062765
12.32667789762379
9.220287362897032
11.355854930889244
12.698628574402633
11.264403526469197
11.650238186423055
14.127663992228413
17.982761846316883
11.594400002715446
10.736424833823548
17.742771007134568
9.071613352573896
12.687300627413872
10.942796791144461
11.941658857114891
15.311265075356285
15.716203722558818
11.161426168027578
10.382296181234741
11.136726318397733
12.695590624982922
10.153214784012855
14.035326319076594
12.759387562796903
15.643540793137454
11.981376126040995
18.26820251054414
11.310020237702497
13.062580930625739
13.310497260344938
12.667476720183535
8.474159286989641
11.483448806517215
17.211203077407795
15.809907807695472
14.3489648960392
11.471796397784065
13.045655873500682
16.972952757953088
14.679148627291116
14.297668867096716
15.354081812144189
15.713463161574882
12.784653676782641
13.306218458345343
13.170590574299364
10.486163341838834
18.224975966562145
14.131458691125063
12.05598542792477
12.44040287372698
14.26541363578277
13.345064368958072
14.340442108621739
11.326754573289882
7.894871054480584
14.971014740348366
12.330630814735306
13.321665658784566
14.699720464358325
16.099344895411384
15.15815242460272
11.918265924579007
16.433768158412466
13.947053826503787
11.312054048210985
13.33853706919336
12.291807521675777
13.058955792532133
13.016633279788778
14.94083124288799
9.603118007789247
10.02523308505471
12.58539591421331
15.560905266802308
18.457415433306206
10.78504022413254
11.379994312764808
11.918888223342822
16.78451394858644
12.204631581805732
11.696105265897163
17.778080004163684
9.709974183008963
10.331559651542493
13.655993175317764
10.755331581466304
13.736702354840924
9.792088129588324
17.121107282845205
11.463115121158175
17.612958518056903
12.964357644126975
10.790600342085769
12.79691517327572
12.613244797760462
14.980710993418542
15.961743656989068
13.16894815123236
10.335103925865491
11.768081298302683
10.860669175475934
13.551349549453262
11.7129341943373
10.341819393003806
14.15953274667904
8.568936068488867
10.101181820547549
9.533429197863347
14.035326319076594
8.577143861657918
9.884032619068023
12.694371575215772
10.345287474624532
15.924697169721517
9.79981364290555
12.20188279090893
10.380293423483732
15.05104072374661
15.920668660445092
11.128601933469017
16.135851346421394
12.735759067310243
16.61324339809066
15.920668660445092
11.884752125024535
19.75342222684854
14.649371845536194
15.381179527755174
11.983378026813936
9.173415894821304
11.012332958044711
14.23583098077769
16.587203831635975
13.260369651152121
11.554334292977193
10.671487779793775
17.216666951400622
14.39065103601524
10.722266458350358
13.665975626469313
12.342623647429164
17.042896244593006
7.655632537678143
13.662707036269252
11.410013482414785
11.0220924200658
11.39565485539705
12.802096809869028
11.490459459024244
15.866021056347455
13.042929508636835
12.74768170264755
9.695901756656777
12.207195580037206
14.035326319076594
16.194607291242225
8.999751227499496
12.09623518288838
10.940356925639191
15.594807021196216
15.081437597517088
8.915521749853685
9.603118007789247
13.551349549453265
14.444122231282707
12.573313160839449
9.824728423353616
9.925534634485103
14.372713970977474
16.697198552004913
8.256074305339173
14.202413537160838
13.255585968016783
10.173256660807194
12.341407625394936
17.042896244593006
13.551349549453265
13.742923687429162
11.819222163432922
13.321665658784566
12.237698317618507
15.484626319416023
11.58071768031432
12.759387562796903
13.746929202931184
14.84896842453031
11.393382541368059
10.322756131449882
16.914367615297433
11.058135887757315
9.885095418274375
10.335103925865491
13.023771269053055
10.849393350942643
10.167814177819931
7.843270590072214
11.125563545609495
16.194607291242228
14.661903386892511
16.722941997197644
10.416154123591433
15.736577994116182
15.438858950984256
17.412246937200283
14.035326319076594
17.763459872581315
11.594400002715446
12.984553225669792
9.777418334637629
14.404677011683871
11.099065582868102
10.714467859652222
8.982608844209022
9.473845265376701
16.04037293608754
10.221378949762302
11.281559762802072
15.218078536976307
10.47612873577009
13.509001582111221
16.842391582891914
16.63981986282277
16.602764060371094
14.035326319076594
16.959352635550882
13.280062122534355
12.98704468528664
12.338748412375029
8.421195791445957
16.04037293608754
12.20188279090893
10.149840501931095
17.477953529416133
10.526494739307445
13.634316995674405
14.907578237211297
12.759387562796903
16.64974984910067
11.545187778595261
14.50317052971248
10.025233085054712
12.47584561695697
13.966525699865434
13.926525339858946
13.821046527945654
11.279924833122907
13.79016778075211
13.794376511023778
11.340543665813886
12.875381995185966
12.022291468531744
16.64188692119082
15.889048663105577
14.164684165335363
10.725686051696085
14.207538911948701
19.103638600965365
14.16588749413777
14.560712865779996
16.717235806798232
12.886235275409504
13.953725584663358
15.182868722523107
11.403702634249733
14.035326319076594
14.661903386892511
12.329070962639832
8.388930673471068
13.710434506135005
11.531727570268336
10.416154123591433
10.320092881673967
10.995416931995488
13.476397394865579
15.549929878689177
9.657972071047755
13.450521055781733
11.696105265897163
15.149241106304892
11.685800327336901
13.165368076158623
15.736577994116182
13.386293888136636
11.02775639356018
12.222150191731773
15.15815242460272
18.093733929411993
12.526151446057606
9.35688421271773
11.981376126040995
13.684443161099678
14.532152029486383
11.930027371215107
11.69610526589716
10.052328309608912
9.19127564258113
12.415865589952373
9.238442640404847
17.36221848359845
12.640001480337986
12.50021250292759
16.718550468311822
11.16259870990887
13.158118424134306
12.138660600282462
10.231359372784805
11.306235090367256
14.166497593086653
13.056117506117763
11.24068169802152
16.466642689310333
12.163949476533048
10.994338949943332
14.19852778790307
12.860275743525996
10.2597414613133
13.032803010571122
9.099826954126582
11.178578484220296
12.94808273097911
9.755049498365292
16.095557705363067
9.795488160188874
14.035326319076594
14.333950283312268
11.663158490500265
8.741299725038932
15.212482720031407
15.895429807146984
15.742325465991316
16.530495442467988
12.219811471832855
11.531097971689485
12.55272142621639
10.657841375983297
11.564318164309586
12.827986420661402
12.134126738006458
12.60315016406878
9.25734289130584
11.738636557773152
11.306235090367256
19.298573688730315
8.31723041130465
16.822483318609535
14.691182689126903
15.643540793137454
10.779130613050825
9.331998882364758
13.887586042033679
12.091973444127529
9.35688421271773
14.212988677545919
13.962604421050292
10.723620108957396
12.306837856136125
16.476252635437742
16.056413309023625
16.01771704211001
16.67283730521179
15.556396166464204
14.462798186662681
13.225595954514484
11.964540468721031
9.565976597359466
12.950120675849021
9.176944131703927
13.350676254731393
9.811101892946745
14.166497593086653
16.148171141303177
14.035326319076594
9.523971430801975
16.277079828373548
11.286138689566744
16.20746015417178
9.431739286419472
19.04794286160395
13.551349549453265
17.72883324514938
13.144194489293952
14.277314703888257
12.870338758995135
16.332016080380036
9.960554161925325
17.129728972101354
18.91717895179889
7.797403510598107
17.337756041212266
13.404525136196746
11.103502599091705
15.751877019970854
11.095990964296155
15.406593833009364
11.68491282066664
11.72571565897538
15.789742108961168
16.29525174333469
16.28917434111809
14.035326319076594
9.148953452435112
15.20493684566631
12.936909476714076
14.666916003435041
7.843270590072214
8.421195791445957
10.322756131449882
9.573765634866815
13.673124349552037
14.971014740348368
7.94452433155279
14.58573127276587
11.273054649896626
11.675404194630085
13.24545946995107
15.963844439255057
19.709181639554366
12.450692702406657
14.343795029385971
12.557923548647478
16.232160003801628
12.254725218895233
8.72466230645302
11.802433495587133
10.786975686277206
10.569813647699656
17.32288023165309
18.115363039738394
17.54415789884574
14.327728950724023
15.438858950984256
11.696105265897163
12.249012060285029
12.321087990029072
12.857536697895341
11.08790779207051
13.39735694093675
10.647488931713276
13.466326603438354
16.455210167193247
11.060447371011447
9.055049238113932
15.255789477257167
14.34722245950052
15.219028538757751
11.09459128079388
14.805557641464947
9.815555007458794
14.035326319076594
10.150548498617892
14.290514070332533
17.337756041212263
19.649456846707235
9.160781848978134
9.746754388247634
11.316772122138334
17.220648604257097
9.994853590857575
11.399872032088412
11.196720996117284
13.123030108336614
16.114633921902758
10.353929251777815
13.50233924366862
13.099637897804822
16.308653821462237
12.152538642127295
16.441382259489725
10.609380524656322
11.863192483981408
9.663667301659293
17.123098109273442
12.484053410126021
16.040372936087536
13.023771269053055
14.980011744399057
13.690195344017333
14.875765020817706
18.33647470718071
15.372024063750557
11.514418193805556
9.294918092103703
11.826061991073797
12.25620044764435
14.27055525179855
14.811473396629218
11.819222163432922
12.974879441635252
14.365569291290162
9.613237204846982
16.010668541761447
18.621126007487764
11.340543665813886
14.745975752953889
14.124723302000648
12.612390010230119
9.114895827906063
14.19852778790307
13.935073988226046
17.69671579361831
18.18662001908516
9.490553987185127
9.62215670328447
12.174288575110637
11.547245744331198
12.351087160787403
12.961194202820735
12.415865589952373
15.043388430391484
9.486840937894364
9.716764374745335
10.264641636339597
16.643661298728
12.118856058640432
13.616361354328038
10.780757897261731
14.101219869870379
10.0630641533002
10.052328309608912
18.54668120735121
13.405536035528288
10.680541003785114
16.631456042836426
12.30875839887273
13.536292494398316
12.581467815905313
11.054372056617849
18.71376842543546
15.642424752558647
8.277243726634913
11.760826797012795
11.347710640955546
13.466326603438354
8.375920545255385
13.46536382896181
13.10407244008573
14.66066264022357
15.311265075356285
9.569540672097677
8.666107525872796
12.446421452766035
15.258918869970449
15.820165504161478
11.881390101792562
12.504199811540966
14.703675191413575
14.582157214625035
17.430969783369317
10.298109251866851
11.627304646686003
11.089640548406198
11.042499383391144
17.352767085403787
15.509035582579637
13.076390980506142
16.140625266938084
10.507730934068038
11.312956989945357
18.80204091800827
13.450521055781733
9.403668633781319
13.917382400428888
17.959180988925965
17.63899118478545
17.603629620536744
15.334893570842944
12.030279702065652
9.044988072293805
16.954674193444525
12.832298348870028
14.134166645267273
10.216891952857226
10.262389136529121
14.035326319076594
16.722941997197644
10.554565391945596
12.43128902546784
13.233307672272216
15.296928684836288
17.18427773681814
13.857663960607269
15.858095970904724
12.949259401529
14.555153219783136
11.037489629565087
13.33853706919336
11.244210289714772
11.483448806517215
18.08397814188715
13.49808894801146
12.922392954568318
14.887939600141992
7.797403510598108
12.030279702065652
15.534244663832343
18.947690530753402
17.012516750395875
12.811733768182735
11.951478743318496
12.07038063440587
16.808774034822267
12.965368707308425
9.716764374745335
8.889040002081842
12.097394233178989
10.958062259813811
11.908761725277111
14.950673687712023
13.736702354840924
9.161949124952775
14.035326319076594
14.774027704291152
14.095563771089799
10.962916577587192
11.763712810786739
13.805239002370422
9.64928684436516
11.077208215952826
13.244603709551154
14.035326319076594
10.934498411373628
19.156323759820758
9.91384160633188
10.105434949735148
14.730144453684344
8.1600734413236
17.287414124716292
15.76570901594905
9.148025190112422
11.696105265897161
12.13534764706186
12.969352168260649
16.781368424982883
9.289568498957172
16.82096360377882
18.025762233323864
14.316032845458123
12.030279702065652
12.70197031876432
8.265247721233994
13.886804347446152
11.28798584810841
14.724561093674104
13.42886160158563
9.960554161925325
11.887844696485638
17.35449132696633
13.339359724742218
13.086993459679526
11.403702634249733
15.304853322812166
14.555153219783136
18.71376842543546
16.099344895411384
9.91306264494221
14.333950283312268
12.557923548647478
14.183848290707033
16.140625266938084
8.085568422946297
9.782197131477627
15.261714055694938
18.37959398926697
19.64945684670723
15.226202491604303
14.657144573719227
11.728149389913316
16.303661885796043
10.855447699910805
13.065405394587561
9.824728423353616
14.663773766199423
15.045869814050112
12.83410469717364
13.19878369078726
10.292572633989503
9.139282254282435
8.136421054537156
11.95601871625043
14.249062252869637
13.328511324590723
12.042656533034855
13.534064664823857
12.729714568464816
10.871625714366706
17.198216757178365
16.910031709730834
12.009609118385129
12.698628574402633
14.035326319076594
11.802433495587133
11.707191621599433
8.86441662257469
15.882079782112989
16.549116107567926
13.069332199949868
14.035326319076594
14.596739371839659
10.971276207165507
15.449739048906018
13.486117897895337
12.175945481933967
12.1885728560402
8.751438763659522
9.393722339539451
14.26731518385472
12.396164121228233
10.98765546121996
12.099419240583272
15.273737464877472
9.231288451473194
12.845891885256544
10.680541003785114
15.204936845666312
15.20493684566631
9.5534574104639
11.598637722014686
11.483448806517213
11.127105550258921
12.936174257944089
16.068028751494584
11.563194978784693
13.40687887195376
11.629270378663463
17.062553564367626
11.876045346910965
13.350676254731392
11.312956989945357
13.975088867063388
11.505353334522015
18.665537063514233
16.374547372256025
14.703675191413575
11.930027371215104
18.476885280809693
9.439688497786028
18.33647470718071
12.426533974202203
13.63996501431387
12.941664527979718
11.296726061695795
8.688535340380747
11.501170178132208
13.304319739958023
14.566392720338952
10.496504725805144
13.032803010571122
13.30304842416825
12.571519279663697
13.3412717208805
11.506438694017747
17.28317042597035
14.035326319076594
13.534064664823859
9.603118007789247
12.150953804015383
18.075799047295614
8.964498745732794
14.170281379836945
12.525550181167956
8.674611405540393
14.035326319076594
13.165368076158623
9.016070549340593
11.273054649896626
11.3246409784824
15.001059781398377
15.771655348240708
10.621328025247154
8.77207894942287
12.903445164312354
11.706595046404692
13.150746929218826
14.214500697618
17.49858865755004
10.932038087722974
13.82688087869427
11.524942749810862
8.625877633599156
12.693303085380029
14.620131582371451
9.603118007789247
9.603118007789247
13.889882523023987
18.25834485755982
18.229791655812125
8.7219527839976
8.872907443094398
12.811733768182735
13.276660031558938
10.182491643251646
12.91485909192342
12.645690049861091
10.63282296899742
9.851719435505686
14.119370189250706
9.885751581262644
11.111300002602302
14.035326319076594
12.677068933359504
11.940501495333818
10.111471649227225
15.632159852384708
13.589760404185272
10.353929251777815
10.207510050237524
9.777418334637629
15.052378950893738
15.619959935746534
16.775952168363737
17.51416788534344
13.684443161099678
11.080520778218364
13.001144379776212
14.17781694160529
11.043023245973968
14.541103844088365
10.386141476116679
14.230261406841548
14.860933749610512
15.286884080013358
15.459200003620596
13.019194096881003
11.493495568377684
12.125758112399508
10.133127970275028
16.93918693681658
17.042896244593006
14.356746005773006
11.563696527037948
14.860933749610512
13.634316995674405
12.842782252749824
10.46269780149346
17.154287723315836
14.206488835162897
14.035326319076594
14.737092635030425
14.58573127276587
17.04289624459301
14.314173861839706
16.323694740665168
14.608196781079721
14.815066670136405
11.876045346910965
10.973073304005338
12.334074644037006
19.206236015578497
15.382717645707947
10.943844750998048
13.81076109797137
11.17462286550684
17.215204938242387
16.140625266938084
13.520268472504975
14.035326319076594
11.371213452955573
10.827251731859088
13.339359724742218
16.34884164639691
11.228261055261274
17.359482552542104
9.64928684436516
14.035326319076594
14.483262265430103
9.697134547725648
9.941689476012586
13.274791395382788
15.396327659108264
13.010274396896843
11.355854930889244
15.173325750353078
15.613262414120705
15.7028898421352
13.020004840675309
11.696105265897163
11.684231047353101
11.639051093868394
12.987913907205206
14.894632012081285
9.632086689562367
8.772078949422871
10.154590931313482
16.746696176170936
13.076816228993314
14.220815213161309
8.967014037187823
8.961016034487363
14.14412729829424
16.204422204752067
13.283433837697489
13.789092524005078
13.158118424134306
11.642941151052174
14.575146562118
15.114966805159408
14.238736845440021
12.57711059761409
11.02775639356018
12.97738714929695
11.908761725277111
16.54163459034027
13.429484895231564
20.13764210997946
17.79478872597211
17.30671816788392
17.610362268275352
10.052328309608912
12.074058012480737
12.163949476533046
13.630461136795537
14.894632012081285
12.666026190386194
10.46269780149346
10.837403866628762
15.504993996466814
15.406593833009364
12.776552658172863
10.218702495468047
14.555153219783136
17.329331475594575
11.18261771763826
12.048590630074884
11.933118852783183
10.356163109221564
13.142169189680812
9.30603158112687
13.329639520910732
15.82164057786816
12.447997747276265
13.419741831397797
13.362399714737306
12.72768722102598
17.2495231860407
13.82688087869427
10.700967027804252
13.817724360641296
13.821046527945654
9.689362331951353
13.23330767227222
9.13141712325465
12.937591299707476
14.254628292812166
11.494448278554108
8.449839314546113
8.931571293957832
14.903490833658651
8.02018646804377
11.433271439697226
10.580476763611587
10.288030457187212
16.52158412417016
11.558504027474843
14.1392916992179
12.38411145800876
13.174263354716066
11.65357397402117
14.473930266547738
17.82263659565282
11.336225103869557
11.032419292669507
13.078372251866824
14.64555789816688
10.279393923830744
13.712675139327706
10.57206398060315
10.740075791989046
15.827070104490625
14.181527634900307
11.79892816933362
17.012516750395875
9.927425933005395
10.136624563777541
16.620781167327543
11.99794024050096
14.980710993418542
8.382208773892966
15.520546035380994
19.73717763620146
11.131465701336607
16.329562352002576
13.30304842416825
15.699308305358871
8.817063969676322
14.404677011683871
10.736701239477949
9.592489210879688
12.475845616956974
15.311265075356282
11.80618625663502
13.215745220152412
12.1885728560402
19.191160477104734
12.890814730825712
10.415355277504801
9.122962107399786
15.058735529842597
10.132454829279895
17.154287723315836
12.366791022403154
17.15428772331584
13.460108027311158
8.543242107264014
11.797810529078875
13.63996501431387
14.212988677545919
11.490459459024244
14.51380335268148
17.274247777325037
19.3687503203257
16.07271239765223
17.40380463565498
10.91636491483735
17.423163706439908
16.681330461197593
12.590513315642236
18.079403394064766
12.048590630074884
13.028808893804168
16.040372936087536
14.190412797740425
10.673924637617075
19.43352874949067
13.567482108440709
9.087621357675491
12.668249080205497
9.05081790669425
10.804172058569753
14.183066596119506
19.45246981065002
8.80940694495233
17.44932461290604
13.323858164653355
10.773061282750684
14.673295697216439
15.78974210896117
17.39589740955972
15.098608615976337
12.60315016406878
14.170281379836945
14.216038675116206
17.18611386009379
11.696105265897163
15.901726095549547
15.438858950984253
10.115550500235383
13.430355357047432
11.206500859417746
9.381124845393163
10.610438078536374
10.491051996077452
7.953351580810069
13.177271434940906
12.38411145800876
14.691182689126903
14.943083742698462
11.28440236053758
14.764434179807845
14.167735057935808
9.852613177629925
15.882079782112987
11.558504027474843
12.406225942755205
11.646334605191214
11.993824309029089
10.947554528879742
18.966657187941344
13.33647189654996
13.358925050687361
12.47584561695697
7.894871054480584
14.400829608635881
9.679535392466617
16.239220534468785
9.507801700019629
9.139282254282435
10.825453483772081
9.980676493565579
11.70605939803835
15.530893877666726
12.230784363766746
12.401904721597854
14.03532631907659
13.797439432312583
14.600507244676992
15.176409759651929
13.290087753461908
12.557923548647478
13.084726528541525
14.995638119855517
11.696105265897163
16.280978530128852
10.852056432275717
16.016784152357996
15.317399396299935
10.91636491483735
15.800776170532767
10.526494739307447
11.721810991756275
16.309206002055486
15.226202491604303
10.711170085611084
13.72617816226874
19.103638600965365
10.970140111462163
16.245613928379996
15.625996635238607
12.666026190386194
10.857516586455478
9.044988072293805
17.747148155526602
13.650796830882715
10.702737421396307
12.573313160839449
10.188607253848193
20.050466170109424
10.526494739307445
8.30258740001714
11.848918701531998
15.058735529842597
13.099637897804822
14.333950283312264
15.359413707668725
9.41610499887417
17.883722245275017
14.119370189250706
16.094857898506312
10.457694120096287
12.557923548647478
12.004683362274022
12.163949476533046
9.323466769100882
16.79440756128823
11.519032755895532
15.02772312951635
10.223262380561962
15.128988110173472
12.884889735545727
10.647488931713276
10.740075791989046
13.069332199949868
10.245788212925914
12.928806816742755
12.645690049861091
9.384567302104468
15.851662666251212
15.594807021196216
12.851624099395433
10.461112784404916
15.856704543689586
12.680191364131268
15.13183618775445
14.91253421401888
13.52802536778467
16.150238504142933
17.665152091251578
7.655632537678144
11.588801547861408
15.630249764426205
10.66684800249821
12.125758112399508
14.116455372944088
8.149544314302538
15.13183618775445
8.676383542701894
15.438858950984253
12.759387562796906
10.716161311186859
9.986674496266037
16.959352635550886
11.077468293155494
12.401584631141752
16.842391582891914
16.579229214409228
14.123598811649405
9.313160454714374
13.777797395790785
11.696105265897161
12.495967948597226
9.628886660761848
11.17627836519062
19.43352874949067
10.140706973992511
13.677282280324642
14.035326319076594
12.826542234180046
14.74061909892969
14.745975752953889
13.044597402435896
14.885952156596385
16.805456513631185
19.75342222684854
10.674755228593465
10.604468774413427
15.736577994116182
11.436191815543893
10.450546003814607
13.287542539781532
11.98969171386705
12.155595115628836
12.703911964697788
11.044191201896338
10.479710318243857
11.243352803991465
13.353999798733069
13.624936660624062
19.187534714686986
8.662427962555086
9.763705265444587
10.95614758580979
10.649611636843206
14.883973956974245
13.019194096881003
16.771773588833664
12.974516771704527
17.367454150224276
12.462903868391663
15.014535132035427
13.39735694093675
12.351087160787403
12.222150191731773
15.520546035380994
10.732896596940924
10.526494739307447
13.022467718730859
12.328327172161874
10.491051996077452
17.488462159484328
17.758984322096918
16.389639120986217
12.65389656326197
15.639363612685347
14.91253421401888
12.698628574402633
9.903098265744397
11.149029374427778
12.484053410126021
14.337161293680392
10.771296942547155
10.706434820321249
17.51608724620759
11.17462286550684
13.116346619613246
14.170933336652212
19.910579196829584
17.174807206238462
11.51616518488336
11.899515792260589
15.746951479939595
11.477777967600414
11.501170178132208
13.881091963921905
12.065455958504442
11.080520778218363
13.719925727636673
11.631126903308843
15.311265075356282
11.211144803652646
18.91717895179889
13.265456099042856
12.698628574402633
13.41529182305313
14.324714490603947
13.54653386020328
15.586191105714889
13.881934774605812
17.54415789884574
11.02775639356018
17.320189925668988
10.071150183154197
10.625614275459117
13.501373687372592
11.036324968846554
10.891998028866732
11.275241227040611
10.969356977530733
14.414659462835422
14.716652839420115
16.410535388458786
10.621328025247152
12.338748412375029
17.090635449759937
10.91636491483735
12.512625822195645
12.50205537665646
17.778080004163684
16.152386713574185
11.498821562616968
10.720450253767046
10.241994881488326
9.29840368638824
16.6344608226093
13.478859636822454
12.951297050530027
15.876024852725983
9.252918832576421
14.140067560263732
11.916786497329184
13.524950816564719
14.789913755586088
18.306947372708603
16.587203831635975
9.969016824764683
12.619999295304165
17.504732824915752
17.154287723315836
13.296624933862036
11.16446411744729
9.035241317905559
9.19127564258113
12.07847793805149
15.20493684566631
11.924750932749285
14.27220946370236
11.278387220686549
11.660117249694402
14.404677011683871
14.107673361958431
12.800217602997852
9.324840088701572
14.230261406841548
11.418570564672484
14.4851765216111
12.467133434263568
9.302483723108905
14.688132194382481
12.08983554217489
13.271898527662385
14.361729256729538
11.16446411744729
15.062301415594394
16.441382259489725
11.424102817853042
16.67966316180117
14.241728176710073
12.70165277744488
13.63996501431387
12.941664527979718
18.149128860874907
11.842306581720875
18.007588484852988
13.72063290385066
12.933379211380498
9.114895827906063
16.280978530128852
16.97821732146362
12.341407625394936
10.818897370954874
16.503076001551598
10.555493347404711
13.144194489293952
12.908402308055846
9.036442972556163
14.608196781079721
10.163512162089948
11.351279851683461
13.858410441105038
16.11749011366488
14.174289945998144
12.912500213550468
12.008001406321087
11.802433495587133
12.693303085380029
15.686541180144431
17.143821409878793
12.085975441427067
8.563927923504364
15.431510612597302
9.75181763728049
9.122962107399786
14.32621391118181
16.464517412762927
9.35688421271773
9.688101352990923
11.35341683135495
11.185513868502667
11.326754573289882
14.971014740348366
16.02682532381044
13.705083346863027
12.19318973969779
11.29205799307526
8.962316806157341
13.952765576023202
17.131354183578782
9.574486171153024
9.510275757188511
12.5833960102066
13.8348216573755
12.840830462133903
11.543072112885422
12.9463785874241
13.542858728933556
10.03689033282803
13.634316995674405
10.91636491483735
10.237532138620574
14.639718361524867
12.979571684455788
14.118869928118718
13.952277050916376
16.49606534904457
14.409601687585301
7.602468422833155
15.265226048067843
12.101570248448262
9.022709776549238
16.205737605531738
9.52046610454846
10.01186610760797
13.850650972772955
15.459200003620596
15.594807021196216
15.438858950984253
11.934801291731798
9.515475470560403
11.938093650708824
17.684511162036507
9.476844266726932
14.467182513509723
18.71376842543546
19.814578332814015
12.224316471453808
12.367193272956836
14.216427303838874
13.350676254731392
7.557483402579704
10.336828167428033
12.538224845041757
9.930655414440986
15.911706843017313
11.544207794911484
14.249606110207536
14.035326319076594
12.163949476533048
8.651913484362284
18.296050380224845
18.71376842543546
9.465685191935377
13.805239002370422
11.473322308451502
13.499626841249244
12.406225942755205
17.109731131826706
17.14150509460994
14.690308213966835
14.16528304425323
13.770508841358168
13.89497305588583
12.561027335980313
10.336828167428033
17.455699959859963
12.102926318624021
14.899038707942845
15.487256627946586
12.334074644037006
9.750858284832159
9.45642553412962
11.43919659531676
11.293541642791865
14.369500755245083
12.595805670966174
13.350676254731392
10.939298454574404
11.167894060340513
13.45654997602189
15.35802722872779
14.679148627291116
13.296624933862036
13.008351222558794
13.551349549453265
11.9713077427418
10.046338838917983
17.086484214528028
14.035326319076594
12.839133735064383
15.014535132035425
13.61321124181113
14.87076240949782
14.401465266530764
18.552442835561017
15.920668660445092
15.322970935505642
11.623004607985305
9.057681519869197
14.667548225341303
14.56001141511684
13.290087753461908
16.687671450240675
14.798115792939452
13.664021390000494
16.07271239765223
18.31979435332103
15.997253654001277
12.482481705051098
14.095306346081193
11.696105265897163
13.52308813224898
10.120208977439438
9.965912179225985
13.766707633544026
10.429921393075267
16.308653821462237
9.188594928316332
10.377182757189608
12.972044022176851
8.657304084664066
14.685109944959768
15.779360950441143
11.292791291211051
13.121398093648349
13.542858728933556
14.480892233967912
12.571927366376665
17.198216757178365
11.520325649184256
9.742167680300224
16.708721808424517
17.193274740868826
14.153270237724296
12.749647572290954
16.764417547785932
18.71376842543546
16.476252635437742
8.72466230645302
12.36445413823414
10.292572633989503
16.708721808424517
10.99783032464957
17.576950717348257
10.429027195424968
9.687426318058302
12.249012060285029
9.589353385704506
10.400277776006398
12.138660600282458
13.812543361630935
7.974617226748064
18.587324044182516
15.106725274731296
16.02850875492179
12.842782252749824
12.249012060285029
10.14862056917846
18.827876769492992
8.65335908394196
13.440609102166569
12.297619251000445
14.591180826762796
14.852918143488822
15.719565477365785
13.92028266072351
11.9741944820094
10.292572633989503
14.473930266547738
9.319456675866858
13.171613930210343
9.896704455759137
8.421195791445957
16.018578951120027
12.00389750973656
9.426711706842486
14.693232240283312
13.610013400316697
10.924047085783755
12.151797678854193
9.740935430403903
14.622851606851892
15.554614219595193
19.117082400121568
19.163618627969964
9.850881205314627
13.214547002171528
13.18703736572581
15.866021056347455
17.703650243380704
11.359098842981481
12.553819652062954
10.659741508159437
11.320674726497993
11.989977257502616
11.885233776579755
13.148884656819124
9.950417912778182
13.828924461443115
10.31786151024009
10.044890404829328
20.35122316266106
13.366977446739613
10.451838748248527
15.053432891444844
13.822669859696646
12.269291881576889
12.466672201062151
17.674114624022376
15.183671199728316
9.135419497623818
10.005381138351632
8.828673007161083
12.692816845077962
16.259503713902937
15.108615978770686
11.254742803033118
12.661656083592499
17.129728972101354
12.07888689278107
11.63733086757607
15.632159852384708
12.949720968429785
17.437829669155768
7.970679144166955
16.968081072316476
11.153901710524446
13.585476116542088
13.608164213713394
12.228202758680466
12.081040375914029
11.483448806517213
14.575146562118
12.38920780017255
12.491440423978169
11.410834405753327
14.703675191413573
11.15439091673982
12.288995394583193
15.494444401752876
14.899038707942847
12.110126691238653
13.202722215402561
14.521398226230762
12.764410943727139
13.783571586895846
12.933379211380498
16.912132334787945
10.905827883066275
15.052378950893736
11.760826797012795
15.839868274386443
14.035326319076594
9.255178949536015
11.73863655777315
9.67483658887804
15.058735529842597
12.28870793270262
16.620781167327543
10.666848002498211
10.796404860828149
18.904725246103165
17.544157898845743
7.992338598363059
15.761596401102057
14.329773724371908
9.838488547195848
13.831915792713163
14.163502815141223
15.802737781478832
10.277837383260813
11.42619514437646
16.389639120986217
17.982761846316883
15.069508258376972
9.592489210879688
12.293716483862712
17.3102357935278
14.931198211783611
17.54415789884574
15.232652734921993
16.271724468819567
12.030279702065652
16.722941997197644
15.873285718003292
7.90722609525442
12.186771145344553
14.383309616243784
12.30633684498745
8.920758253650378
9.30603158112687
11.17627836519062
17.39589740955972
11.308082816317636
9.036442972556163
13.481300280165675
12.698628574402633
11.446285541771202
12.68104044618324
10.526494739307443
10.21558561198613
11.825038709773192
12.030279702065652
8.421195791445957
9.356884212717729
13.343444035741832
18.317290280828775
10.223262380561962
12.357189476578302
12.267096231633873
14.54570182158847
10.157144046700166
8.672234148372528
12.440402873726981
10.238885593424728
10.976344941841951
17.248232343925448
17.38466555431078
11.43619181554389
9.533429197863347
11.930027371215104
9.896704455759137
15.981831429021522
11.179300614613334
11.124774778254258
14.100304681664909
14.663773766199423
12.622374005075596
11.193462725544556
10.426242408456899
7.933010528173727
18.306947372708603
14.319826176895715
10.54430606712353
12.180437378229469
14.035326319076594
11.02775639356018
14.1542697624586
15.056077324100345
14.983659178473664
12.433120118268764
16.476252635437742
11.988507897544588
14.480892233967916
12.475845616956974
11.558504027474843
8.787334738900128
11.28798584810841
14.035326319076594
13.74534023810394
12.267096231633873
11.158084423665894
14.035326319076594
15.074980120489675
9.716764374745336
10.110192687470427
8.174420823198455
10.783238513436897
13.524950816564719
14.845056683638708
14.815066670136405
15.57344427185211
11.275241227040611
13.822669859696646
8.421195791445957
16.224322167005973
10.85000403389609
9.845676671591045
14.54175561924946
12.115965454929368
9.195558622843286
9.517104832798514
14.035326319076594
8.140489265064424
8.421195791445955
18.04541955309848
11.629270378663465
11.914881335618979
15.26649529443419
9.486840937894364
15.311265075356282
12.985956126996102
12.334074644037006
9.858145866970464
9.458589475899444
10.182491643251646
16.911417777903765
10.572063980603147
12.823184500610887
13.846510269941032
15.811949903769833
8.52915984005424
14.035326319076594
11.042499383391144
11.489383405383629
15.522513213813188
13.3412717208805
14.877445898221188
19.527410530889174
11.617475986798693
17.183436895318074
12.494863674299895
14.26541363578277
10.839162899880934
14.106935126826988
15.993743944994257
10.78504022413254
9.45642553412962
10.63968285478387
8.86441662257469
8.333475001951728
12.557923548647478
8.242969425489427
8.77207894942287
13.484921365387315
11.427670063073291
14.4295770583765
18.06674983625817
11.318811547642413
11.156285022855755
9.75966399670889
13.219996159462186
12.898862649515737
14.133475454175032
17.15428772331584
12.7101023747861
11.331800347779055
14.547030924459595
10.893089083462431
18.296050380224845
14.606531459969245
9.218468765784035
13.913280003258535
11.106214739443217
15.980817095978301
10.053673462600964
13.262193937093564
12.040832578997286
11.318811547642413
13.388537087782742
11.943787495057336
11.947426536073465
10.614215528801674
13.748891088075032
12.335981876856556
10.685987083842408
14.50317052971248
13.233307672272216
13.133975087576262
13.659380078387041
10.91636491483735
15.554614219595193
15.957973760045991
9.804582021938673
14.467182513509723
17.722573063918748
13.899061015007888
15.544501192095582
15.103231582484597
17.934028074375647
15.51272908950571
10.158902859522106
16.93918693681658
11.971307742741804
14.707677280469483
11.161426168027578
13.458532086785775
15.682328897335584
13.08146919059566
16.396409251257705
10.118491067241267
14.711727587465829
12.927274241254759
14.369500755245083
9.250555983027754
10.556484752809746
16.421331793319613
12.891142108282306
17.051181561192227
11.919447979517308
11.833706504319482
10.373936844534873
15.535284856993178
14.24480880145087
14.86704936020706
17.544157898845743
16.431601544284792
10.688440812219868
19.764030939107855
10.420166509617472
12.609863489795378
11.890189108737374
12.030279702065652
9.381902619703606
13.123030108336614
11.318811547642413
11.243769703127658
15.031917536999194
12.243582533662561
8.554865565913353
14.035326319076594
16.230796357814835
11.16588182717649
14.891138899508096
10.656451464484078
8.057316960951377
10.388351763725982
10.07054487300976
14.897832405723761
13.373975864250996
13.594755537760287
13.262193937093564
14.721497828009225
13.324676885199295
12.099419240583272
14.64555789816688
15.778845116477413
13.229470262478896
14.239724275179652
15.713463161574882
12.75356135843033
14.706873032908009
15.20493684566631
17.053676065114573
11.914881335618979
17.174807206238462
7.925831333125606
9.293662022091258
9.250555983027754
17.154287723315836
12.631793687168935
10.866059085736717
17.20459355241647
15.548939941722109
12.836328593326334
14.935988970568141
14.035326319076594
17.9022019375977
16.52259933764713
11.256759179767014
16.842391582891914
9.254061309281271
11.936585934915609
10.429027195424968
14.035326319076594
10.942796791144465
17.433352691063554
12.995672517663513
12.543649125744782
15.5526588941119
9.672995165850086
8.444017460257461
13.279577978818626
10.796404860828149
11.241564682104002
10.91636491483735
18.61206316225374
10.91636491483735
11.328004491031363
8.513230718128424
14.693232240283312
12.921411531848292
17.154287723315836
12.677068933359504
11.845417248014998
15.959524282175805
11.449871470825643
13.705083346863027
15.71664145104931
10.685987083842408
14.791721150643594
9.43754700765495
11.855081453977318
9.709369576895453
13.752735856276392
10.155642621120462
14.66612750195644
11.824281761961789
12.053868485795194
16.717235806798232
13.770508841358168
10.91636491483735
15.438858950984256
15.887209652843643
15.916349434004385
14.035326319076594
19.649456846707235
19.298573688730315
11.417337990129665
12.787741757380894
9.750858284832159
11.019471076960963
14.035326319076594
10.560561065324622
10.860669175475934
16.302571339850505
12.28091052919202
13.158118424134306
11.672944661410238
15.750755091408177
13.73021052953145
15.616771538127477
10.715141598434819
13.665975626469313
10.489559670046717
14.184638301194433
10.388351763725982
12.641747819310124
13.587390372723087
14.992280386286359
14.880827904563136
13.203603277946128
12.990142444251743
15.381179527755174
14.035326319076594
14.112443496653938
9.649286844365157
12.897326887800114
11.885771837776572
13.91001090551341
16.26821914256605
13.12394149316253
18.649680177403145
14.84896842453031
14.755086643131804
11.267797185737546
11.656457451436493
11.343619901719439
11.512121587557207
19.217600652274104
14.52903126497376
15.691179424136195
15.372024063750557
10.315119342935809
14.333950283312264
17.59652851943931
17.41420117366911
15.616771538127477
13.30091970935747
13.56222543191671
11.734453152014856
15.64593753601981
13.589760404185272
11.661191518834782
13.24460370955115
13.776610626559052
16.339633625193645
11.920414134010258
17.072822313503615
15.447686200241533
13.511185502181617
13.85615194053519
13.39735694093675
16.87225397931548
13.601244061785563
13.347320126964997
11.78437775846997
11.88874699968841
14.09912325689058
9.35688421271773
12.937591299707476
12.499121448331891
8.088154149976342
10.644240765474192
14.323723435222004
16.2631558935332
13.299850704103148
10.743855987611731
13.482210010935644
16.055562683186103
13.52308813224898
13.439486994210133
15.497339477313739
8.304234738786985
13.691323223020797
14.988342303705254
12.939886216124274
14.531524724296473
19.07364858746306
14.793992606594248
17.303826968724568
12.918086413080447
12.538224845041757
9.814913509843771
19.181612636071343
11.417626569090087
14.256355080006934
13.606766736814714
11.420048122975365
8.758043623103795
10.382296181234741
14.614766396469664
12.608004998492534
9.57322835636438
9.393722339539451
15.882079782112987
12.121418184657058
12.351087160787403
13.840391231311642
13.521838770817695
10.13662456377754
15.398758018644033
17.47254909109535
15.145465123975308
13.575151685664244
17.23801823081219
10.716628470230898
16.28097853012885
12.995672517663513
16.476252635437742
10.365959961148071
12.177709600375278
13.435526049030587
11.43619181554389
12.030279702065652
11.228261055261276
11.107712240250802
11.084308990450234
16.38855468395171
12.28091052919202
12.796915173275718
15.866021056347453
13.780138567820657
10.666848002498211
11.946347518097753
12.5833960102066
9.750858284832159
13.46824242739673
9.517104832798514
15.010001757901357
17.834362014465746
10.145100002376017
13.767986770141803