736
621
92
694
784
548
494
730
667
760
51
467
965
383
390
897
904
564
899
940
91
152
556
796
198
143
408
266
912
97
448
947
259
653
639
40
606
111
185
45
358
979
585
632
262
782
617
886
562
915
205
450
871
587
234
646
711
351
396
17
127
37
984
956
755
52
728
867
748
197
769
305
357
669
214
534
640
97
843
906
691
445
871
776
97
93
75
369
889
540
801
73
333
464
803
948
375
902
342
765
273
644
953
212
195
4
870
702
629
302
311
27
429
203
393
225
466
487
135
724
41
760
863
201
969
343
699
813
952
188
992
805
200
576
952
780
466
881
860
591
273
928
604
668
809
985
417
671
966
128
400
466
631
117
992
120
409
559
94
337
66
186
590
727
594
919
382
459
264
56
83
407
685
591
285
256
564
989
120
125
234
944
675
17
189
484
863
66
49
681
315
774
922
930
131
25
696
273
511
738
193
269
258
124
925
467
554
617
114
677
919
433
885
447
211
127
741
911
8
241
447
646
243
95
521
162
888
256
534
348
414
169
608
987
799
75
111
955
477
639
303
937
230
813
974
755
412
715
75
827
343
77
193
515
900
632
410
550
678
978
643
199
974
955
646
692
107
791
46
761
66
113
420
820
13
774
380
175
549
447
528
959
43
719
560
62
36
599
643
630
870
807
703
614
980
8
84
382
356
266
279
692
581
396
68
418
670
379
952
459
874
895
255
617
742
742
772
905
258
442
759
193
253
911
356
708
372
757
13
230
891
835
461
139
856
431
337
850
741
106
653
383
27
314
591
47
779
736
857
932
873
766
348
118
755
934
976
211
543
865
904
959
476
723
244
597
690
748
327
506
103
137
249
160
235
293
970
283
846
327
564
49
981
159
406
860
333
32
618
725
170
969
672
372
283
700
865
196
177
200
936
558
925
468
274
203
436
153
644
793
225
943
998
835
121
682
556
301
857
304
650
314
618
150
15
475
768
490
605
429
55
912
776
742
894
755
928
451
765
240
851
208
985
317
361
243
435
187
538
477
750
766
597
66
209
61
537
571
515
126
165
232
191
374
824
675
546
22
827
453
131
899
626
278
263
150
348
490
387
906
330
1000
995
96
160
878
846
886
856
714
486
316
33
795
417
508
703
120
991
984
771
490
680
610
488
295
56
733
479
328
993
314
349
836
921
986
319
884
891
187
212
550
720
934
31
859
537
587
365
94
757
801
363
505
949
624
457
817
36
711
156
765
531
134
726
59
533
97
672
884
579
146
971
982
534
665
303
376
197
962
923
419
165
313
198
605
868
791
966
653
931
306
831
144
397
822
822
930
458
414
210
792
3
331
535
437
136
92
602
129
710
163
267
84
688
600
16
130
721
134
880
1000
718
784
170
835
855
93
245
161
244
244
550
743
819
306
560
435
708
989
531
426
677
353
177
897
876
136
534
322
935
759
489
899
545
163
363
549
378
340
805
466
287
581
561
752
26
346
239
8
820
776
57
216
442
485
531
759
732
196
30
403
29
321
13
749
646
829
358
659
693
684
967
538
851
347
228
908
388
228
284
761
857
237
990
337
474
597
451
175
396
417
107
614
490
96
400
107
655
989
998
82
955
536
780
734
714
841
284
857
32
772
485
643
337
26
435
369
851
334
616
385
584
373
228
265
884
93
88
69
482
526
298
60
191
409
779
535
832
78
522
93
44
920
844
249
731
964
605
85
944
288
382
135
320
719
789
764
780
96
16
919
495
434
108
245
190
604
944
570
117
473
978
503
390
856
640
133
338
48
704
980
680
391
240
189
468
942
874
842
917
264
501
729
578
662
693
416
4
862
226
752
583
182
202
643
888
202
187
25
673
144
198
75
689
553
385
660
909
526
119
564
519
972
139
13
5
271
89
251
476
250
649
285
395
952
746
141
213
577
642
794
37
46
881
493
730
125
512
534
537
649
723
684
630
270
626
52
516
780
497
50
907
561
86
104
397
983
282
302
28
276
324
440
364
705
480
177
667
378
392
732
681
965
179
460
383
865
441
378
60
544
339
275
242
332
305
247
383
989
669
533
640
501
144
9
262
870
93
842
239
498
596
893
155
192
742
560
907
957
631
335
544
218
413
802
966
518
378
563
220
25
818
26
541
160
840
911
63
962
774
440
396
113
516
39
857
381
284
776
201
851
710
951
524
355
886
947
133
700
527
167
158
642
423
868
193
203
326
135
791
445
691
45
504
762
134
820
349
304
2
444
237
485
475
871
304
814
39
563
988
110
541
70
410
935
1
582
879
965
573
406
858
721
140
156
709
357
919
989
162
90
589
293
88
583
701
102
297
644
742
208
751
768
164
948
871
361
399
467
856
659
916
700
300
159
567
77
734
118
455
3
941
734
58
746
657
299
86
36
24
864
496
834
860
902
526
940
861
766
759
946
900
145
850
22
802
173
194
210
925
533
832
218
779
155
756
796
142
22
696
934
892
547
667
720
542
15
191
67
728
351
544
319
210
706
869
230
809
797
91
445
66
57
437
61
632
434
378
665
830
113
984
754
752
387
719
368
151
896
896
299
58
270
322
364
905
779
10
913
812
955
179
256
737
931
480
897
766
752
907
559
356
597
340
41
502
792
546
16
766
955
635
696
432
456
315
277
228
472
934
676
819
252
783
458
160
382
756
131
625
523
977
23
597
321
653
286
714
195
59
441
708
605
477
172
128
252
716
867
543
440
707
363
319
165
466
627
202
611
811
986
851
756
928
732
159
367
657
391
835
947
164
373
581
743
127
913
282
25
523
413
63
541
821
567
281
299
830
582
430
3
433
469
237
523
578
529
879
875
995
877
54
842
449
54
114
791
64
604
773
157
811
234
436
316
923
826
221
958
458
740
939
979
252
261
511
253
552
553
223
827
348
865
14
826
467
728
707
824
72
427
201
130
225
837
285
316
114
110
69
433
634
703
124
501
280
295
569
275
691
719
804
226
171
815
830
536
68
579
476
853
766
780
685
831
900
526
590
965
491
113
785
142
403
464
347
805
740
117
165
900
255
982
657
25
801
351
804
780
683
365
488
529
559
1000
327
271
951
822
516
880
710
241
564
346
321
733
702
747
808
716
658
741
909
6
92
977
79
48
819
584
848
526
242
660
176
185
949
483
315
478
1
804
242
625
684
757
781
578
205
210
47
767
146
720
436
512
414
403
180
709
754
849
200
418
652
47
905
202
516
693
521
950
156
508
485
748
268
2
123
934
105
34
807
698
609
767
729
632
435
586
606
545
168
474
999
789
291
718
512
45
126
653
718
9
266
823
335
935
234
561
533
732
722
217
524
907
187
580
850
966
337
741
454
610
846
459
139
42
726
512
50
203
387
336
436
603
666
694
730
803
85
175
588
306
437
771
331
152
703
114
695
367
642
112
467
988
52
227
548
709
436
380
603
357
478
786
853
512
482
159
942
9
624
160
73
872
3
897
100
710
746
610
910
947
720
616
174
117
534
727
937
710
975
763
239
658
279
558
513
415
618
140
383
313
297
593
741
320
555
325
599
13
972
254
563
662
950
745
992
203
237
97
319
152
436
452
326
382
779
945
369
378
934
937
161
172
18
653
491
982
908
546
282
546
205
842
79
177
499
201
246
114
644
350
379
947
516
648
819
76
341
165
27
203
7
358
996
393
782
87
730
990
319
396
578
492
883
317
252
290
342
636
828
373
68
724
507
600
378
330
560
759
284
918
393
187
523
712
54
246
163
200
730
799
251
886
891
465
953
456
262
122
377
409
364
786
633
592
265
396
430
508
223
577
977
500
202
860
922
204
890
570
471
822
136
111
887
559
96
916
329
29
882
64
100
339
213
93
828
226
190
640
900
412
693
301
38
553
660
926
599
989
283
404
203
550
851
861
598
50
894
950
418
745
175
299
721
878
760
284
832
972
889
12
637
160
867
337
873
615
605
833
268
389
379
138
906
404
204
778
245
438
1000
410
744
137
448
600
927
723
45
56
499
753
161
742
530
945
132
738
433
185
359
23
230
296
168
541
446
199
574
826
0
788
735
111
263
590
823
773
8
64
934
723
84
475
668
923
413
696
70
763
325
780
108
878
195
321
759
528
106
488
151
223
396
381
14
512
165
116
283
805
895
320
970
505
853
746
474
597
163
316
389
157
164
37
274
11
952
778
869
762
200
218
939
483
975
189
45
264
448
940
184
536
858
623
303
598
676
646
314
601
375
521
297
864
340
753
919
527
878
948
211
902
201
69
772
162
820
25
613
872
130
420
947
166
415
82
966
318
347
859
779
131
514
927
580
366
762
911
987
757
874
15
904
111
532
782
187
452
262
426
211
907
771
785
216
354
639
367
144
152
528
939
869
68
322
58
101
965
949
564
653
869
239
533
878
46
589
157
936
138
386
756
453
602
927
727
203
562
568
14
495
573
984
411
656
8
414
462
344
701
605
144
371
633
859
1000
51
331
421
875
168
464
30
50
198
210
240
694
229
845
841
549
124
978
62
183
858
229
682
336
511
617
755
206
778
232
339
959
867
166
836
800
998
251
163
604
572
477
706
667
199
903
625
51
427
495
70
718
197
570
521
899
429
146
783
497
869
841
184
860
416
603
157
324
849
535
289
303
143
483
714
445
206
658
67
179
242
75
197
33
63
606
904
33
840
751
893
370
555
215
70
84
899
67
205
188
896
105
457
362
690
277
350
121
713
750
18
848
401
894
838
691
613
798
389
125
430
895
736
36
269
69
127
647
562
80
767
371
674
457
400
43
832
860
158
56
520
482
103
20
938
105
330
299
723
514
725
917
726
714
72
57
598
954
997
374
119
554
259
524
325
476
347
302
434
314
274
213
583
777
633
633
259
10
634
228
377
357
817
596
738
962
893
152
943
808
188
98
960
193
603
817
175
868
290
836
254
684
185
591
388
625
767
630
966
580
522
143
544
996
354
394
977
847
167
171
426
786
208
631
139
108
766
369
946
157
600
722
715
238
138
222
428
341
873
685
389
831
63
849
631
822
150
338
631
479
968
641
345
926
515
435
92
557
338
984
858
502
208
655
214
75
954
555
946
830
682
397
917
602
670
825
498
889
45
298
496
218
249
839
432
396
768
360
617
120
550
380
476
886
194
997
63
725
516
271
332
813
651
854
369
775
93
910
460
682
439
196
973
720
786
361
187
641
11
538
3
878
878
535
824
787
396
162
842
185
616
128
781
718
379
741
473
752
905
915
780
221
770
625
253
200
803
25
616
393
40
199
851
740
627
872
372
648
443
394
876
586
663
803
631
764
161
445
529
703
631
264
343
292
383
384
689
230
359
451
557
331
136
885
589
640
652
530
937
836
274
79
168
247
582
73
727
533
80
590
702
94
134
786
756
546
6
291
216
236
34
361
372
402
373
360
526
492
646
491
486
614
159
690
907
70
214
755
285
292
519
921
334
842
239
331
857
114
66
746
898
136
464
728
207
454
601
274
673
714
201
390
520
427
118
998
874
524
571
427
671
799
277
502
247
140
992
164
880
875
526
944
195
961
636
945
728
887
291
886
59
724
800
168
800
103
235
877
83
767
718
644
362
878
253
497
927
251
345
657
790
102
671
652
471
606
340
366
409
645
227
139
200
943
990
98
103
48
248
555
411
851
817
181
843
678
38
662
987
537
635
209
553
883
926
706
421
980
678
204
486
31
145
496
615
792
495
506
813
800
117
420
511
928
846
740
280
255
535
349
621
792
860
526
250
379
896
785
847
858
549
436
461
537
754
920
231
211
901
866
846
446
111
575
625
628
631
728
78
858
40
819
297
271
559
863
644
216
175
949
440
248
637
154
255
575
839
245
537
647
919
597
814
966
264
954
365
90
170
156
620
860
998
345
287
904
219
327
504
399
208
77
503
151
525
606
578
59
628
375
307
829
83
839
334
197
721
253
704
893
894
538
541
880
939
965
574
853
825
654
236
335
319
856
121
684
255
516
458
848
485
819
856
721
378
81
543
869
943
904
347
874
635
279
451
337
663
104
390
875
870
574
246
232
635
371
40
355
134
904
445
938
794
223
447
996
2
864
716
580
460
350
628
954
446
226
910
875
526
526
709
310
466
671
689
637
410
200
999
923
959
798
848
71
456
581
503
142
334
199
720
725
432
909
363
436
454
709
575
514
89
831
303
223
127
241
510
31
313
3
617
977
136
109
122
18
709
339
148
483
995
693
752
761
988
834
808
821
255
68
775
609
26
932
513
823
930
808
661
591
900
632
831
675
73
132
968
20
227
859
11
343
993
383
533
66
757
405
931
367
307
180
28
537
418
586
867
75
883
932
459
14
833
172
337
299
903
734
81
808
578
409
595
428
474
467
501
872
193
984
847
675
241
975
359
554
659
233
727
614
3
658
368
598
121
986
124
200
849
540
12
546
224
626
879
886
39
178
777
936
254
932
628
663
992
236
701
282
311
349
397
462
478
81
589
721
724
861
398
718
514
643
569
410
14
682
660
630
966
765
243
135
296
556
879
633
258
680
958
935
616
281
614
363
263
325
333
978
839
33
729
473
468
509
168
843
961
164
155
598
433
621
381
97
589
965
404
99
716
261
544
779
951
677
563
868
589
647
144
276
182
448
554
850
803
801
699
388
45
435
108
243
301
702
882
768
485
423
612
364
876
837
504
652
771
813
919
620
225
927
415
284
547
401
367
979
57
416
938
573
593
876
762
456
697
512
971
271
123
106
576
53
785
455
898
109
892
896
517
967
354
371
934
91
338
317
215
967
101
862
109
169
307
293
438
784
518
278
125
192
286
747
689
117
20
419
844
998
522
454
549
236
622
863
71
0
118
160
766
461
518
101
285
297
908
795
904
187
72
898
669
810
641
7
496
346
933
552
115
57
857
381
851
736
27
139
203
766
771
749
599
928
479
260
982
628
679
975
664
140
734
805
800
93
341
140
145
397
566
951
324
99
761
557
894
739
294
351
540
366
745
315
596
511
836
241
144
402
502
152
674
750
868
90
281
384
733
465
340
16
463
80
609
840
783
416
153
243
286
527
173
239
18
719
407
706
219
691
933
74
943
946
151
836
45
331
934
702
659
901
448
524
273
47
123
184
997
165
583
554
65
355
144
477
234
168
704
768
776
578
762
815
485
936
185
898
724
143
193
737
519
784
378
116
684
598
71
542
891
27
820
67
204
66
278
493
526
712
854
598
418
166
248
553
920
509
613
647
732
211
52
300
562
554
630
811
493
934
950
823
226
287
319
651
220
456
1
323
704
854
416
786
696
818
358
200
577
842
835
120
203
572
410
642
768
562
704
554
731
817
221
828
765
788
232
69
717
322
266
832
199
356
334
810
487
457
331
307
534
149
4
645
742
979
260
746
172
368
972
595
862
839
789
900
861
875
264
780
540
633
837
441
812
550
864
948
806
87
291
13
543
924
722
192
997
828
131
955
611
257
936
26
783
48
693
668
569
979
288
648
797
270
865
619
635
474
36
673
796
875
944
1
547
439
950
603
734
596
983
190
607
487
210
950
26
843
200
357
40
492
885
828
333
506
391
256
654
66
912
467
663
230
479
364
384
741
103
508
684
272
272
711
53
753
309
299
85
967
759
347
942
676
599
253
91
994
707
363
154
483
227
374
191
749
502
590
957
795
426
788
317
472
382
891
979
431
593
545
800
458
425
774
120
633
481
202
35
216
597
700
266
20
48
777
427
399
629
808
580
792
86
178
892
301
330
671
80
375
68
41
153
311
32
18
0
121
607
464
650
811
612
792
807
993
248
485
504
588
905
535
516
81
104
144
931
477
351
587
310
72
144
408
941
719
249
45
957
956
981
385
438
646
404
878
282
773
153
241
472
270
257
290
295
539
156
818
434
364
602
796
776
763
314
635
151
807
379
125
136
978
19
469
913
878
791
390
661
369
492
806
860
995
389
786
400
329
952
943
251
183
939
599
247
911
882
365
964
903
789
950
802
758
830
36
281
832
325
961
612
823
654
326
80
108
576
940
143
260
638
37
432
110
863
595
433
203
946
277
27
901
477
510
648
257
278
201
421
771
156
933
988
709
139
677
79
808
1
126
289
576
126
803
926
170
807
660
989
669
453
753
89
2
49
356
423
788
131
685
562
938
599
177
916
993
560
229
222
116
287
593
296
533
243
769
73
586
353
378
297
311
332
190
639
550
301
710
409
178
978
999
514
863
369
841
671
820
272
492
517
702
80
752
456
520
940
714
485
834
394
1
529
507
56
767
655
761
351
695
746
837
116
276
417
674
72
190
53
927
553
159
431
613
827
347
68
789
461
270
349
440
802
871
531
913
918
323
592
520
794
557
919
688
939
763
343
403
624
747
874
576
426
163
507
331
923
862
926
871
457
751
809
903
406
541
190
494
750
68
562
207
172
56
334
422
786
949
518
328
176
967
616
829
703
852
655
19
921
899
866
483
13
805
626
959
602
797
180
152
356
894
209
893
708
617
542
249
79
396
848
963
73
292
753
720
422
918
863
291
180
609
559
199
882
409
902
355
332
463
199
779
740
659
273
492
779
16
39
313
958
801
48
991
115
337
611
599
495
740
801
235
968
301
709
450
272
636
643
678
858
724
717
140
712
993
98
926
811
987
783
460
290
806
570
822
904
825
654
131
849
724
803
583
636
424
16
362
60
169
197
396
8
172
915
433
940
387
896
338
426
387
411
680
252
241
530
883
832
882
727
476
795
971
222
277
137
940
969
998
466
966
34
606
901
407
901
222
718
341
100
370
810
140
449
424
796
250
765
23
408
261
467
996
468
213
610
261
770
901
464
803
974
256
302
937
371
232
895
444
691
27
401
201
560
588
187
744
780
986
749
274
256
926
726
283
217
134
584
176
382
325
42
51
481
549
979
926
421
683
368
222
551
462
384
389
512
944
681
123
575
497
269
175
923
579
590
726
806
123
699
692
254
369
447
561
786
265
263
372
923
664
586
591
4
23
859
762
437
427
54
316
864
952
157
389
969
480
86
636
10
656
690
22
753
84
110
702
254
93
405
219
389
563
425
316
661
314
587
399
263
558
569
728
207
906
138
377
349
20
464
894
467
702
99
481
996
832
950
547
274
221
387
481
592
623
448
794
74
558
473
711
287
637
622
854
263
391
102
908
612
360
299
275
214
709
561
908
874
564
632
781
100
475
583
991
679
897
169
639
145
700
249
309
768
484
540
548
187
609
524
867
584
1000
414
750
819
378
823
44
395
417
403
418
513
48
145
855
364
546
215
472
490
974
449
340
976
195
797
61
212
662
630
971
353
163
119
358
998
482
978
419
888
13
627
173
312
411
863
566
133
944
195
995
731
804
134
879
33
588
656
44
600
220
549
349
692
161
549
647
803
442
772
929
830
567
591
548
271
588
725
735
446
238
871
73
276
407
926
23
673
251
878
375
879
851
492
341
960
720
85
335
458
955
646
493
485
649
134
182
690
637
123
462
978
10
428
289
882
388
627
936
313
824
137
790
525
899
31
413
118
631
62
520
836
835
706
566
975
531
551
191
120
746
982
600
840
515
837
538
994
466
316
388
360
214
60
405
445
258
674
431
44
878
447
983
746
429
793
936
24
948
419
506
677
37
839
602
512
471
103
240
275
82
685
733
568
507
492
504
786
669
736
732
552
116
123
544
818
856
556
128
619
166
298
668
688
479
175
408
395
261
302
167
967
208
197
359
695
597
160
422
776
795
627
167
48
505
147
251
74
680
748
311
984
116
846
851
402
29
762
97
117
968
125
200
235
460
110
130
910
290
983
557
235
629
720
410
792
159
451
592
573
440
269
989
128
881
90
498
786
792
950
428
555
476
133
528
571
88
50
266
239
126
396
699
282
500
814
973
644
859
588
633
760
781
84
585
659
280
950
341
2
277
581
710
175
797
588
288
768
23
743
982
767
960
311
742
58
911
329
233
50
290
398
843
477
261
203
776
398
971
836
895
383
422
596
82
578
748
265
736
499
581
416
22
955
994
549
734
341
751
51
989
217
618
325
257
913
759
716
768
607
678
84
657
574
713
678
114
9
31
606
772
146
54
58
381
658
67
946
322
352
606
276
716
360
880
917
584
347
418
735
171
46
351
580
560
568
869
658
432
842
729
540
257
896
755
558
648
213
792
59
776
515
212
900
168
914
324
989
71
485
268
120
149
609
608
146
346
471
981
457
94
529
643
457
855
707
379
346
422
357
14
833
253
720
367
355
327
712
738
787
909
412
41
959
797
711
537
126
714
538
923
102
120
590
356
187
755
589
278
679
907
531
42
828
575
91
590
100
410
509
373
918
536
204
965
240
16
740
534
501
891
508
494
589
862
347
259
493
958
901
777
193
840
4
10
590
841
619
971
848
254
691
850
171
425
633
391
630
614
981
539
285
743
282
394
143
445
95
263
766
307
257
847
821
343
714
825
899
75
94
353
920
289
134
976
516
585
375
940
699
570
739
379
906
291
879
362
690
434
19
858
914
159
607
726
270
865
440
144
238
971
79
424
736
976
767
937
828
662
636
828
789
39
331
699
554
146
985
136
298
616
248
887
635
199
917
770
187
879
667
460
633
649
641
840
435
350
450
312
877
364
220
950
935
732
706
638
69
741
563
484
377
98
327
324
476
589
130
856
997
617
466
437
690
750
907
927
652
184
914
397
759
510
356
819
429
531
934
176
910
787
622
119
387
817
58
614
662
879
509
877
699
356
482
757
906
465
182
175
968
34
477
342
734
377
40
285
81
410
456
178
5
576
942
541
406
956
778
214
71
387
143
304
5
257
648
166
244
677
881
909
950
475
745
548
136
824
600
220
920
252
790
579
648
486
910
783
809
102
244
469
877
566
43
557
539
508
629
222
975
867
74
522
1000
945
312
439
987
908
976
300
710
163
952
132
696
233
341
923
65
230
222
689
468
170
74
849
564
964
93
823
328
205
322
907
311
716
75
958
453
424
528
457
534
170
430
863
119
731
522
32
602
406
330
853
279
799
316
549
531
495
611
462
223
874
157
168
455
337
436
253
658
993
753
672
539
224
3
89
510
347
235
700
404
430
576
375
267
266
921
418
354
188
496
217
846
854
127
603
226
230
812
35
122
513
555
360
123
167
877
897
33
934
613
481
285
206
64
568
558
661
101
458
781
447
516
153
687
413
845
796
64
844
697
449
962
894
683
103
544
821
274
105
499
830
430
307
287
63
79
702
142
0
811
313
470
632
490
434
730
322
218
26
935
248
458
967
882
540
149
982
235
881
79
823
488
908
351
53
89
517
339
122
129
314
373
3
990
340
543
179
180
631
673
183
864
65
129
691
981
219
824
203
371
875
744
713
984
156
464
443
327
777
100
921
470
971
972
829
44
551
877
358
484
518
445
738
853
698
221
102
527
378
516
49
995
356
58
708
791
442
438
562
515
208
237
710
359
70
83
333
220
843
364
663
428
364
696
122
175
740
666
495
187
125
30
330
813
406
347
646
876
990
728
171
884
333
689
903
239
865
133
237
244
292
846
30
165
300
928
781
781
861
707
403
451
933
574
740
788
858
112
838
138
739
87
662
939
887
134
224
324
412
287
309
521
364
412
747
811
370
452
566
270
789
859
447
499
12
715
510
26
91
553
657
92
76
720
530
105
281
105
603
80
87
129
694
271
571
428
535
520
21
486
597
284
712
991
204
50
826
250
124
354
820
855
919
287
786
996
326
420
549
976
23
223
985
39
334
671
928
211
134
330
628
615
914
982
775
344
607
515
304
185
552
962
348
893
758
823
938
1000
317
870
217
140
489
761
693
157
495
762
43
540
692
76
283
193
708
665
240
935
589
475
540
747
332
954
790
966
911
687
514
314
375
813
376
175
212
42
327
208
132
899
18
364
945
868
66
32
243
647
925
267
545
465
140
56
891
196
129
168
281
309
484
966
417
883
207
909
467
286
93
634
849
107
576
408
925
166
574
597
855
810
723
311
831
655
861
36
424
419
478
771
384
146
412
436
504
106
660
337
917
711
981
893
210
672
727
861
306
229
177
717
372
976
915
824
781
620
812
441
828
242
222
868
945
795
733
372
826
593
963
28
136
615
177
206
788
296
467
28
863
364
63
117
241
618
292
829
831
625
106
844
432
169
819
22
478
538
202
542
99
412
790
494
222
496
996
283
436
278
956
757
161
854
801
787
357
626
521
840
957
345
124
399
811
41
508
101
3
381
549
590
465
419
689
522
876
160
187
604
22
820
36
50
829
622
148
60
876
176
950
508
605
119
295
275
217
159
516
913
447
741
990
384
515
355
892
575
840
976
461
247
602
88
550
663
998
277
105
89
121
961
451
564
595
764
824
291
71
110
810
679
360
330
105
130
906
118
752
945
119
404
971
499
203
195
108
662
964
290
906
539
723
113
861
937
467
252
788
256
461
303
507
884
893
194
8
424
872
781
716
102
192
968
740
738
121
115
275
275
30
72
107
565
409
760
53
44
690
173
90
685
860
957
341
792
334
769
139
891
835
252
366
433
490
985
437
639
299
580
985
3
988
41
27
688
417
878
687
749
518
434
475
220
981
586
48
67
428
600
704
427
464
215
675
142
133
362
929
422
552
227
107
759
488
720
375
74
366
299
120
378
417
575
985
973
882
465
721
821
279
464
371
749
799
985
899
59
370
761
120
912
602
87
76
860
749
528
671
218
269
799
944
421
534
194
272
570
527
504
989
712
923
683
448
374
740
10
815
650
812
822
639
935
899
702
797
894
672
288
684
346
260
799
802
487
645
781
333
353
940
44
486
849
264
4
799
165
14
661
790
795
238
565
730
486
981
797
469
726
354
675
632
253
435
149
454
951
292
837
835
151
558
631
255
852
851
206
957
378
37
878
823
199
832
774
960
732
138
486
149
858
447
590
119
521
499
722
131
826
698
19
772
145
655
9
765
688
86
655
979
317
377
247
212
555
101
265
104
66
794
702
533
845
255
392
640
115
241
882
360
518
365
775
360
317
878
818
530
464
299
155
720
101
627
712
73
503
40
761
106
776
768
643
762
849
946
815
967
749
391
834
695
616
172
213
262
67
456
561
687
741
37
626
806
410
816
165
864
216
957
109
149
964
939
164
249
467
163
624
885
627
776
215
824
155
894
98
916
643
958
376
845
572
939
768
95
748
721
866
827
386
70
113
881
136
105
139
706
887
315
47
358
968
247
307
540
587
152
782
92
928
943
76
732
132
39
752
549
864
435
979
99
64
165
198
693
654
919
920
591
554
974
763
404
722
244
362
280
664
525
944
673
317
447
739
181
469
91
261
16
464
454
770
344
569
703
179
608
257
661
371
645
609
545
120
927
675
394
566
895
171
711
476
107
36
506
780
762
608
547
107
413
835
497
917
10
63
233
673
335
348
784
52
747
437
523
250
42
253
626
205
775
430
856
69
806
780
343
814
572
108
367
497
444
648
247
13
85
66
375
455
378
62
237
0
227
462
169
140
637
891
235
719
500
706
276
989
401
608
385
268
606
155
837
419
656
131
164
164
201
713
59
238
537
734
514
439
889
718
894
57
700
861
51
157
374
901
535
795
542
925
284
822
92
973
196
670
754
943
410
884
771
991
619
900
76
807
309
126
471
331
22
209
700
448
813
541
105
198
30
595
59
994
122
725
505
214
447
636
298
576
442
518
328
338
902
797
794
45
433
72
504
772
374
893
326
762
812
117
169
661
492
67
556
417
771
591
409
513
94
73
478
711
854
428
973
706
109
30
454
425
986
985
132
934
905
628
308
129
51
879
588
428
369
161
692
565
117
913
946
688
840
87
403
541
854
150
862
990
689
401
862
798
872
779
64
309
497
978
536
844
738
508
266
742
509
783
51
784
937
933
476
860
340
109
496
176
816
541
266
785
710
125
13
995
126
298
866
921
751
567
184
242
437
47
901
993
4
634
340
190
874
145
367
951
646
554
241
863
708
7
260
337
849
505
812
749
915
257
532
72
55
443
606
482
657
892
695
537
143
927
868
324
178
623
77
60
32
240
292
34
145
145
338
774
74
888
843
282
361
748
847
246
195
903
42
566
857
389
572
518
389
552
964
150
161
557
642
613
1
817
196
344
62
178
481
344
618
630
786
648
517
532
968
188
365
198
582
739
59
822
276
724
665
77
2
376
573
580
725
978
659
776
890
705
119
68
894
698
657
543
801
50
948
290
8
542
316
40
101
497
661
318
446
905
420
280
54
60
374
61
475
904
889
143
389
949
910
272
25
23
605
110
808
305
1
474
24
644
181
978
823
743
383
878
192
686
674
235
184
624
695
199
6
517
818
72
465
233
91
404
232
798
397
251
8
65
742
966
449
355
851
121
925
158
436
127
826
984
848
795
809
299
834
370
765
262
69
890
985
853
210
72
243
621
709
73
498
337
884
697
302
511
921
489
5
455
449
462
553
612
514
771
769
944
587
371
151
133
799
688
230
238
569
734
22
969
461
443
43
801
972
118
316
937
464
485
775
113
340
777
778
620
91
513
667
104
424
477
639
354
146
952
850
688
747
216
89
592
817
629
522
378
537
30
751
401
99
607
478
73
49
531
735
589
412
426
398
508
681
254
890
565
403
529
121
774
912
98
469
896
962
374
96
458
555
930
538
935
85
371
383
232
288
454
790
870
110
67
573
320
37
612
394
168
439
576
484
26
669
317
364
905
391
394
56
514
423
819
249
36
429
535
561
39
67
573
432
648
688
458
115
746
479
279
164
62
727
320
830
115
255
90
179
304
733
418
466
653
944
949
184
184
422
996
94
164
445
208
213
783
79
343
533
292
825
825
496
802
723
808
103
741
330
676
639
829
773
850
485
441
381
459
717
47
496
803
235
146
410
144
989
893
299
897
551
225
682
205
55
975
777
324
519
448
596
95
656
889
816
130
218
809
456
662
165
78
791
294
865
509
401
360
813
165
941
210
911
791
763
729
634
398
967
953
26
875
295
120
379
116
225
795
535
364
722
304
493
65
270
316
824
428
393
357
103
701
878
498
929
784
271
980
38
119
53
511
333
533
161
571
758
943
256
937
455
152
755
882
771
517
372
841
293
524
99
913
117
461
2
116
490
697
442
601
375
321
588
310
521
921
843
17
642
206
993
413
117
497
744
967
798
773
526
315
468
879
566
932
913
63
11
952
844
190
456
768
801
54
534
380
554
244
7
552
482
344
754
268
966
682
777
385
217
267
876
57
378
884
788
485
339
435
111
200
385
399
252
38
156
185
645
723
945
731
910
153
538
494
962
748
966
915
892
320
945
758
180
124
258
355
803
248
19
68
358
47
939
384
755
27
393
710
232
260
480
76
887
899
132
730
924
34
366
370
826
532
327
33
153
549
341
16
648
152
254
897
788
10
583
32
115
289
740
897
715
262
760
971
936
324
688
631
973
517
530
619
209
505
1
687
36
566
752
709
195
153
731
425
390
902
782
106
89
540
475
364
134
335
49
737
0
369
802
343
193
753
50
231
222
99
146
259
0
454
941
404
692
452
188
20
204
405
869
351
509
410
473
524
262
229
795
391
859
591
839
186
552
931
442
585
173
312
138
872
110
951
590
800
165
202
875
343
972
621
976
129
424
968
393
55
325
400
582
478
182
821
398
785
654
14
559
1000
35
87
799
524
525
753
780
783
149
419
413
664
853
110
719
32
205
151
590
267
903
589
577
774
479
25
268
371
430
570
669
703
94
717
916
4
945
461
487
665
468
143
943
324
786
986
636
835
677
68
816
954
805
761
128
51
827
855
436
922
760
88
273
743
447
29
658
521
897
545
439
105
669
493
965
148
736
787
84
938
951
789
520
886
122
816
696
148
632
998
873
335
993
660
18
33
831
327
323
10
275
463
425
71
498
5
254
206
207
875
495
182
922
387
493
748
66
809
519
144
831
829
980
608
344
584
402
797
413
905
880
802
182
38
974
562
427
350
403
139
810
193
864
76
488
818
702
126
613
295
127
949
73
626
431
874
323
571
927
506
841
246
765
223
781
129
179
369
393
385
275
5
773
430
620
32
870
663
160
129
388
389
475
325
408
39
865
422
758
961
4
515
448
957
647
477
404
858
883
57
764
543
344
466
256
368
262
282
475
591
73
363
335
725
938
181
994
502
573
281
898
219
648
897
242
816
539
377
834
506
689
961
34
885
559
151
717
495
643
216
589
561
835
198
214
348
392
439
745
121
502
191
223
331
709
566
396
786
992
809
210
831
886
283
843
964
82
744
23
200
594
814
782
790
843
588
968
487
594
785
924
535
147
801
224
670
192
734
552
638
523
140
124
36
612
740
101
23
747
314
432
996
173
590
112
210
219
791
424
543
409
839
525
911
892
812
233
867
606
401
623
988
432
69
74
674
569
754
462
702
397
72
724
882
984
999
752
174
163
340
939
969
887
97
269
988
784
395
813
668
308
748
321
590
521
538
156
847
65
64
597
471
39
672
806
0
386
557
358
255
786
319
49
941
173
633
603
940
225
236
826
165
686
32
936
521
577
228
545
369
324
840
174
159
429
253
966
470
374
125
917
679
574
67
589
454
50
564
714
146
962
360
626
441
57
69
744
717
203
88
906
632
499
718
57
869
692
229
556
513
143
248
305
167
734
532
460
417
462
924
306
974
587
890
678
731
559
949
917
596
456
470
968
400
709
389
531
704
716
751
84
623
278
405
426
274
864
437
290
608
187
11
472
284
315
600
605
501
277
763
733
644
22
961
482
148
372
522
982
484
510
392
555
389
580
144
908
71
719
816
669
950
798
938
735
876
810
107
948
92
769
818
210
342
516
897
338
316
712
528
759
398
748
51
9
547
856
98
148
470
422
919
16
933
883
154
515
583
810
96
440
647
43
253
599
139
502
527
760
873
964
990
802
352
539
648
771
574
536
383
447
330
759
342
310
7
426
241
75
86
753
679
449
893
890
296
424
204
561
230
26
935
786
556
898
98
795
419
909
892
170
494
617
506
310
396
178
933
645
244
593
425
537
653
585
707
11
344
616
934
895
232
608
250
840
610
876
188
752
537
152
273
341
363
980
338
357
559
246
248
677
929
154
680
86
175
809
340
134
745
621
534
54
866
94
557
744
832
229
656
27
262
306
103
699
790
877
222
123
626
874
973
687
967
790
394
609
755
408
516
924
615
36
805
958
384
319
132
438
813
64
887
140
87
527
198
756
280
375
749
984
300
105
909
642
83
968
153
499
317
48
589
95
854
904
193
460
279
846
4
618
594
658
945
225
411
571
788
569
707
633
347
388
995
35
358
729
744
451
222
383
326
617
413
478
946
2
674
38
424
770
836
327
768
647
323
151
822
551
366
549
329
851
879
333
580
629
603
8
258
736
706
582
209
523
315
683
935
569
414
847
943
387
649
366
851
37
914
665
492
229
577
279
932
473
206
138
22
787
827
434
166
682
347
970
974
962
516
667
297
372
854
984
110
238
923
807
888
546
224
929
517
476
846
435
780
209
866
387
544
474
847
282
151
101
513
647
705
204
371
574
3
655
948
641
741
971
430
996
413
514
281
731
704
521
594
962
112
616
20
319
420
630
421
292
534
606
924
651
794
293
597
413
961
565
315
480
306
930
260
737
122
431
376
175
130
253
101
469
296
281
53
304
935
965
104
267
375
957
186
659
293
604
420
426
546
261
132
885
631
78
596
724
428
757
539
2
14
666
810
984
407
209
353
389
552
319
451
265
562
488
542
434
619
174
836
448
989
379
77
162
656
845
937
716
537
731
226
955
613
463
843
534
82
711
534
93
406
24
153
401
625
749
640
1
320
7
855
106
715
162
343
431
915
83
298
393
741
110
935
988
35
244
678
458
256
420
941
771
141
96
64
495
776
207
276
185
704
162
65
799
412
12
456
328
65
649
343
985
826
134
718
785
79
786
57
603
399
912
845
785
413
188
559
505
979
751
602
307
993
663
410
671
598
520
901
606
632
219
741
638
4
593
135
792
704
647
251
695
762
619
930
443
780
288
466
309
716
117
235
3
366
109
806
788
64
711
91
935
559
327
245
690
621
534
996
383
409
699
649
347
869
599
160
510
320
876
655
596
636
129
564
891
521
168
690
624
770
913
849
399
585
233
203
161
803
520
706
936
582
301
597
479
724
378
545
279
606
919
412
236
862
519
357
328
311
948
499
968
531
97
913
801
497
680
724
52
87
377
76
249
502
149
466
308
225
405
893
266
947
430
144
440
991
454
36
368
898
465
129
270
694
872
416
342
679
377
150
858
258
120
62
626
123
611
917
122
632
508
530
540
619
238
135
167
340
651
654
449
176
616
210
148
233
933
729
990
43
229
934
517
369
919
99
580
72
156
103
411
221
803
44
672
932
134
430
807
58
403
53
609
672
967
46
192
413
259
725
535
3
171
719
613
721
370
583
412
464
288
295
237
958
635
802
56
151
674
740
282
54
180
946
267
763
141
473
931
722
441
485
769
208
99
741
795
275
88
461
297
321
448
199
800
768
681
325
683
45
321
149
612
741
731
82
720
692
904
771
598
903
477
773
337
922
877
552
410
858
293
764
904
945
280
957
763
163
791
681
102
843
730
556
326
433
193
421
756
312
26
75
115
966
687
752
574
945
442
152
490
73
171
756
475
764
484
757
687
897
754
237
630
38
719
665
833
331
245
293
585
169
284
908
94
52
52
965
683
321
911
659
385
822
499
622
235
492
204
70
596
82
352
513
31
855
604
634
593
255
56
118
119
432
704
308
393
912
881
472
161
163
988
939
665
611
753
752
868
566
868
301
392
489
27
456
981
122
568
21
217
835
187
195
990
707
423
614
241
206
799
71
265
137
611
54
98
326
621
116
989
696
14
979
654
83
384
217
45
206
137
795
896
657
153
484
358
215
607
583
150
232
513
686
317
514
661
942
197
952
202
90
91
304
895
289
673
18
608
740
191
699
975
868
779
962
190
884
315
585
820
780
494
466
708
241
576
642
747
748
175
347
126
156
506
728
863
427
342
766
930
460
626
349
266
464
839
256
41
369
678
521
488
436
700
751
32
622
916
37
503
455
49
342
163
518
375
430
543
61
881
143
411
661
415
24
337
694
459
321
322
903
306
710
41
198
494
369
963
87
177
933
430
453
240
580
46
90
635
425
614
778
667
571
442
256
657
41
78
592
527
755
99
468
210
759
157
52
770
43
759
554
768
995
597
544
212
91
567
483
459
68
216
644
935
547
996
306
160
685
380
121
257
543
702
508
233
312
699
556
295
987
278
889
579
960
446
286
29
799
577
625
566
319
672
437
316
580
106
700
164
145
19
838
259
525
121
274
166
767
323
902
329
620
750
541
774
845
457
781
204
181
740
949
927
495
925
198
849
523
470
897
365
934
882
458
726
289
746
213
916
320
690
718
513
478
90
401
336
539
860
759
838
760
156
798
899
493
542
864
514
967
210
494
68
259
110
889
927
224
381
805
341
818
886
165
813
692
572
164
816
422
705
944
331
35
373
687
766
518
564
58
459
924
492
646
441
249
686
279
986
994
766
322
876
410
239
974
431
309
206
393
69
695
575
683
721
209
249
601
891
738
992
45
732
817
957
341
498
822
352
243
882
436
762
557
997
920
380
852
330
547
584
17
378
2
225
61
292
260
923
547
269
969
367
284
822
706
353
545
402
113
682
57
901
584
580
81
203
687
837
993
228
268
734
864
283
383
648
703
568
937
923
747
959
361
761
886
999
117
992
641
217
54
398
897
931
736
323
187
947
236
934
526
547
139
968
546
906
714
791
586
323
838
175
594
201
929
794
468
526
169
787
489
792
696
243
456
511
392
296
187
95
319
550
39
599
306
463
49
853
954
352
895
927
916
524
89
460
839
27
206
50
885
549
495
832
716
612
349
26
117
987
233
76
961
788
330
929
888
247
282
435
275
934
179
972
870
358
408
615
585
172
612
222
895
728
870
387
638
724
317
856
776
920
140
331
876
52
21
946
598
527
373
928
805
58
684
106
466
432
366
99
489
44
451
80
663
921
5
991
19
753
388
361
967
635
689
62
307
321
149
987
626
331
10
834
903
724
718
588
411
950
989
2
661
162
302
368
99
71
763
784
705
801
815
411
321
867
926
731
38
393
850
315
274
641
750
622
242
532
143
535
944
334
55
791
805
469
222
742
431
794
373
117
355
170
250
120
400
596
80
165
934
944
885
516
706
425
623
365
316
856
367
74
27
551
610
853
204
174
848
257
584
726
933
677
912
796
23
47
473
495
85
853
856
308
859
92
136
555
821
850
193
159
668
899
272
497
497
418
178
838
665
143
5
690
43
25
640
642
152
337
608
616
507
269
181
869
722
43
253
632
494
726
170
905
552
125
80
317
885
387
28
220
632
15
461
875
324
850
689
905
293
987
907
277
301
856
695
642
711
408
585
926
202
688
519
174
782
550
461
649
224
798
310
354
114
532
768
912
347
245
200
626
274
494
429
297
329
270
374
641
644
90
781
516
447
211
312
464
10
963
892
934
829
312
64
360
951
472
570
755
148
460
317
645
702
876
475
927
273
720
618
190
740
837
424
640
159
99
741
294
39
960
757
207
833
292
315
838
645
429
577
518
895
682
99
887
941
724
470
210
571
480
251
252
892
127
152
400
340
115
836
67
789
936
42
521
444
577
281
438
656
793
171
98
966
514
193
20
620
590
665
49
726
202
154
169
797
184
355
464
809
599
645
857
335
609
724
681
15
473
7
935
841
407
996
97
832
301
925
531
122
763
989
840
979
700
777
612
814
285
831
476
888
462
718
537
753
465
522
539
222
856
706
288
112
932
985
553
248
684
431
892
143
250
588
441
465
771
613
541
937
329
404
216
658
134
230
232
997
485
173
235
153
983
171
428
56
657
231
167
211
400
202
728
946
90
190
292
345
573
875
679
602
746
594
481
478
882
867
710
617
46
497
278
641
114
430
815
787
506
387
727
419
700
666
767
407
896
721
223
903
178
952
68
581
71
918
932
612
201
477
687
621
990
423
229
690
824
331
1
408
601
787
850
699
49
369
244
638
505
311
591
346
831
74
672
350
793
229
732
127
287
241
918
554
914
807
193
947
311
696
173
639
763
744
636
115
928
476
496
671
278
609
20
55
438
424
823
482
491
522
0
232
450
956
718
259
534
374
713
160
911
688
647
330
790
973
568
948
731
137
419
624
873
800
100
610
501
304
974
429
180
386
846
2
770
741
734
802
829
281
85
823
113
999
404
855
858
84
733
483
647
579
47
330
431
974
277
496
307
975
865
541
865
169
567
9
795
547
764
535
990
428
512
236
947
516
842
709
601
230
55
430
627
363
841
653
655
875
365
221
232
281
989
508
352
664
475
265
428
662
318
867
444
678
932
400
191
148
253
303
878
700
725
854
792
429
353
414
341
870
908
244
812
841
578
300
367
34
999
163
223
82
417
578
830
270
628
624
487
386
970
852
854
229
612
257
426
27
249
437
337
403
737
747
616
151
52
563
777
912
678
663
672
163
159
42
780
39
528
718
47
674
949
444
16
191
565
891
515
395
411
137
289
236
999
744
353
433
955
752
418
949
675
998
340
561
600
603
943
292
779
197
311
115
757
61
546
48
991
68
571
449
292
367
26
397
816
42
730
989
603
248
594
218
888
470
93
299
865
512
130
572
934
309
108
561
327
711
871
9
353
740
274
474
383
835
153
438
26
124
181
504
960
721
99
263
864
735
247
829
838
900
510
470
427
830
11
874
227
310
934
356
856
55
170
435
460
630
522
67
207
887
693
938
187
333
317
893
158
592
854
825
840
203
947
652
244
245
79
46
404
51
842
618
811
749
688
477
18
951
932
196
652
744
969
552
694
592
7
658
173
714
539
787
915
812
525
776
519
948
167
498
467
211
631
933
490
590
563
74
494
315
207
689
722
26
157
533
191
943
989
856
54
269
271
925
464
106
335
490
418
810
758
464
575
385
967
417
31
909
824
382
300
962
513
226
781
518
668
848
638
94
793
439
828
553
290
868
747
702
892
183
898
360
988
574
285
542
261
428
4
681
792
270
527
599
859
937
751
78
917
206
89
234
839
546
964
31
466
630
171
121
850
828
835
195
848
673
720
473
635
477
184
852
534
739
596
613
322
639
859
689
327
503
550
287
635
234
475
727
882
201
294
647
75
429
449
741
900
659
902
841
907
304
990
101
276
100
611
295
639
175
98
367
756
93
10
264
330
190
92
539
355
562
878
682
848
456
594
421
790
77
539
120
155
799
963
230
517
995
472
811
44
194
401
276
879
3
918
886
623
592
303
28
974
638
191
125
71
137
63
293
632
616
234
748
379
574
115
756
95
176
924
900
215
595
530
555
625
853
61
370
244
269
1
986
656
911
736
851
590
105
839
563
829
854
59
100
319
149
716
973
729
307
793
639
878
21
985
761
851
739
634
867
485
671
667
253
108
995
55
428
788
301
788
610
639
175
166
926
994
529
574
538
473
11
939
59
241
300
460
451
913
556
79
468
686
588
510
83
979
301
180
754
711
698
501
449
760
454
612
496
57
499
555
152
90
405
371
605
969
320
767
328
330
949
447
783
438
826
441
838
931
282
718
910
958
596
650
245
231
935
67
192
439
960
958
548
999
432
176
323
948
578
5
774
775
249
375
71
316