132
687
964
445
704
118
689
917
872
871
129
388
820
675
527
830
797
350
606
481
275
725
383
891
265
674
495
209
697
270
262
331
794
603
101
72
507
889
680
846
487
495
383
815
254
582
676
765
591
267
252
874
434
845
333
795
0
482
242
472
926
252
722
417
778
442
445
432
661
308
18
532
19
778
308
771
162
390
377
495
159
834
507
876
357
687
695
892
998
168
757
482
662
306
599
74
280
845
623
559
289
401
254
715
302
778
710
806
86
254
283
0
966
109
166
152
452
9
261
678
7
418
440
911
734
52
275
743
456
316
974
566
167
886
311
270
14
869
744
970
628
343
200
8
3
890
64
417
162
811
398
194
552
108
427
568
855
26
655
635
694
399
720
451
159
768
624
249
895
312
335
232
195
45
326
744
15
808
18
442
743
784
19
599
298
89
176
578
741
405
879
534
59
127
627
163
747
126
466
36
170
404
629
278
787
735
629
184
558
108
998
677
730
370
479
415
45
447
545
735
356
10
780
767
311
237
413
532
192
788
417
657
69
9
34
226
401
538
373
415
85
695
774
31
958
521
472
415
454
499
635
947
379
135
246
272
839
118
250
316
622
934
881
878
552
73
727
57
688
992
217
35
638
304
443
733
116
201
951
261
995
407
826
81
32
189
623
870
872
850
150
10
466
539
534
0
52
375
556
823
651
100
809
16
666
6
385
811
253
442
304
462
388
780
218
572
446
708
301
621
439
396
877
845
49
740
556
317
143
386
756
594
688
220
487
791
308
842
690
596
421
71
594
322
100
75
757
819
176
840
218
921
344
701
486
820
474
278
755
957
743
226
11
981
909
52
753
91
702
374
312
348
748
410
870
655
873
951
733
664
64
920
47
727
754
909
261
931
47
28
993
31
201
571
42
895
209
100
40
255
916
113
784
305
550
100
15
886
193
728
719
824
568
274
967
299
40
813
761
94
176
922
480
590
389
929
834
801
250
490
235
943
11
497
282
131
649
787
201
34
570
768
697
963
714
478
689
83
156
22
695
416
258
919
620
144
944
722
232
996
66
550
708
725
127
306
195
157
799
707
694
345
22
737
989
113
717
496
662
627
49
679
254
39
683
155
520
656
471
929
143
37
250
467
752
140
424
106
350
548
741
864
748
799
1000
743
27
925
449
653
872
341
12
766
81
71
290
40
780
547
599
263
784
147
403
524
952
737
881
211
550
168
29
310
628
304
282
963
632
277
483
898
918
329
780
337
20
6
198
716
672
413
223
129
344
922
239
448
390
250
789
654
137
690
98
617
788
25
210
125
977
972
620
843
538
329
898
574
240
271
661
554
942
399
992
423
870
405
336
835
691
15
701
631
899
731
857
463
149
382
245
61
942
81
285
108
542
807
461
669
563
1
590
543
389
148
431
363
577
882
343
762
49
668
25
767
606
504
749
535
82
964
590
763
922
500
147
884
798
116
193
928
74
2
752
305
773
844
137
479
443
508
68
135
445
29
194
896
608
424
264
896
228
564
461
870
13
934
5
394
796
948
177
91
903
60
469
193
338
941
365
972
335
140
123
315
153
499
721
113
741
770
230
80
688
17
367
203
321
266
154
661
920
894
262
125
195
146
249
134
827
395
390
992
946
559
76
795
803
996
233
634
970
945
280
166
986
351
261
351
54
911
845
6
699
346
499
313
91
672
994
254
613
789
697
712
192
711
36
842
348
12
213
978
482
785
750
271
159
384
718
285
59
738
565
906
650
463
335
695
83
814
779
27
415
390
759
364
452
109
572
886
867
155
23
372
402
143
495
486
391
919
233
35
104
509
91
802
523
270
124
233
35
2
450
417
460
701
767
962
880
137
809
365
751
294
929
103
563
219
681
535
715
214
577
437
143
612
993
234
334
175
956
93
404
823
874
805
201
42
648
416
780
95
395
9
138
162
564
578
994
514
834
824
528
494
320
73
149
373
4
588
554
135
80
636
54
313
568
804
486
465
100
411
855
219
915
743
988
111
9
184
736
838
994
132
579
614
234
785
473
638
609
440
820
108
829
937
761
560
649
723
77
112
210
251
936
635
553
775
777
460
811
976
558
641
671
44
650
722
242
803
729
235
518
681
862
711
825
293
9
602
74
546
779
433
848
585
711
790
935
429
156
282
272
279
709
275
265
239
950
173
243
544
780
16
650
636
962
210
454
112
333
194
104
674
151
736
639
637
233
2
235
418
727
10
861
11
76
641
67
113
297
617
312
995
903
151
1000
738
627
904
21
263
776
995
570
128
996
983
838
108
541
677
395
598
205
673
794
275
565
370
434
53
371
925
192
490
510
17
623
111
835
169
540
200
939
915
470
939
703
907
949
8
464
237
821
413
156
370
524
339
945
879
570
478
835
799
891
716
250
755
999
839
370
589
130
357
120
502
877
31
883
19
368
337
64
594
351
937
313
890
608
897
598
784
932
17
638
253
19
17
366
527
320
126
975
569
901
496
811
402
562
74
296
41
796
122
890
354
19
792
455
848
176
876
758
738
159
239
146
444
317
896
696
6
901
607
997
243
417
597
871
21
211
723
828
89
294
158
430
394
60
106
517
916
270
705
348
494
503
236
297
474
524
355
598
288
606
504
669
664
716
132
313
195
4
967
3
746
1
395
160
619
655
475
284
419
920
289
980
379
553
836
354
352
479
623
458
444
631
614
66
814
458
972
380
224
509
430
601
10
684
50
600
618
621
791
448
353
834
546
621
723
840
962
950
494
546
500
733
644
23
666
411
515
849
231
159
870
826
174
82
697
810
649
405
670
215
133
757
930
552
330
585
152
521
793
297
432
855
182
982
979
905
324
464
914
515
525
91
548
870
157
120
487
598
503
162
362
685
181
395
995
318
703
733
844
816
692
722
130
373
447
643
658
678
473
21
474
409
39
990
804
909
158
653
250
966
731
78
143
510
200
576
583
496
7
948
219
582
80
516
641
550
655
424
270
403
116
168
48
932
13
264
687
936
255
575
874
311
78
791
953
213
322
575
428
584
353
727
885
85
14
764
669
781
118
426
271
254
619
865
708
43
858
284
11
648
315
309
956
4
53
522
32
572
926
199
134
173
133
460
979
516
841
435
136
967
257
381
969
325
19
981
812
167
257
78
201
732
875
959
183
161
316
691
672
881
794
412
30
885
302
666
901
206
488
329
718
149
329
315
978
900
765
289
280
10
635
957
956
108
355
906
847
465
757
90
291
63
556
472
835
13
938
277
490
757
209
858
697
950
464
720
106
248
42
60
994
502
8
599
373
389
334
454
718
582
741
943
297
968
552
802
740
749
165
775
464
600
12
697
249
390
878
556
169
497
518
173
306
1000
898
780
782
615
16
387
486
388
629
386
145
186
587
256
207
911
879
103
659
175
758
371
539
114
85
38
11
320
404
447
554
390
546
130
795
16
331
931
677
166
618
127
193
791
659
349
395
493
749
283
400
296
694
715
504
363
161
674
338
702
880
593
180
65
552
288
839
694
576
978
380
701
845
183
906
934
105
702
568
813
735
414
836
627
828
535
920
248
247
495
284
672
810
83
472
722
48
573
0
431
793
377
274
609
836
302
858
171
76
391
451
538
65
382
544
921
411
719
847
769
13
3
402
751
298
811
738
975
251
340
557
991
800
165
346
313
969
11
260
574
163
586
833
222
966
869
453
218
549
592
101
34
195
947
881
668
469
987
78
552
790
569
169
843
205
876
494
167
198
263
635
416
334
918
787
190
527
904
426
794
2
153
390
497
50
783
329
545
131
574
362
216
556
7
831
284
76
542
645
203
274
161
817
5
838
965
361
633
319
256
522
191
210
497
21
616
686
217
602
343
316
1000
752
98
956
978
96
97
904
640
146
968
274
455
600
437
665
785
819
784
773
589
640
977
322
235
89
654
663
408
333
152
449
279
574
985
972
672
331
687
2
964
411
829
40
959
873
805
18
634
949
298
191
725
608
328
520
798
818
309
302
775
378
919
697
312
926
577
518
908
372
981
623
980
817
787
701
635
272
336
86
105
331
650
422
551
844
353
378
823
825
246
989
707
509
118
645
767
339
845
690
181
153
668
277
872
17
815
615
872
71
674
228
18
64
890
874
533
846
823
696
802
11
870
896
677
173
3
181
476
11
848
315
289
463
546
575
376
740
9
747
592
518
487
579
323
398
917
857
749
656
115
921
248
120
839
299
268
147
5
200
89
80
287
581
18
966
795
898
732
390
311
777
327
957
345
871
611
447
885
625
984
701
905
989
257
823
32
311
132
930
80
781
7
643
210
512
336
577
547
159
663
49
498
733
304
411
33
955
251
465
952
81
297
995
288
370
673
7
505
531
576
318
395
212
174
324
106
241
571
53
275
435
166
838
687
379
747
670
369
195
405
278
318
417
540
119
898
725
867
414
531
778
296
532
81
848
519
892
482
7
960
43
858
401
248
78
420
410
891
941
392
321
854
111
269
437
674
5
230
597
80
540
747
197
779
881
126
708
368
961
700
270
923
526
372
733
820
128
609
49
424
956
186
2
679
872
1
141
287
110
885
848
936
201
154
621
402
460
772
164
212
209
110
100
549
687
132
455
171
431
99
348
736
252
647
482
38
706
693
911
158
74
228
995
781
214
895
671
944
704
393
477
484
44
446
59
506
765
151
601
584
659
263
837
252
876
871
230
479
155
355
153
98
31
865
138
808
841
846
329
766
397
111
761
902
153
248
559
534
669
4
632
314
392
873
384
717
652
58
668
442
625
231
263
284
702
423
196
74
121
177
110
502
551
75
108
789
688
270
377
710
477
631
471
787
466
507
79
179
987
569
769
803
135
830
869
337
182
568
497
246
369
67
182
754
592
767
506
422
171
966
782
708
686
264
528
288
428
191
918
351
434
312
170
549
987
847
929
15
636
347
496
983
803
20
713
804
69
221
280
989
919
452
571
650
673
617
401
374
952
854
437
40
397
615
196
804
635
989
943
615
75
776
228
641
318
739
816
467
698
806
252
813
192
301
655
530
244
946
698
845
696
749
415
580
261
194
712
270
243
258
637
918
454
45
453
936
465
333
574
11
800
454
996
848
521
379
53
894
498
756
222
535
30
233
198
496
176
742
509
971
30
925
248
709
512
617
940
981
609
306
968
888
473
253
903
414
235
954
615
552
589
20
247
950
363
943
618
189
437
506
399
810
282
234
808
776
197
92
476
866
954
913
407
415
863
181
875
12
943
47
51
232
878
660
165
999
428
17
889
495
843
31
739
407
110
498
332
144
422
746
418
32
284
371
162
679
661
833
16
930
612
599
998
15
375
858
173
559
91
278
631
654
630
535
93
523
214
641
875
803
974
542
528
935
738
518
968
588
611
714
220
118
284
832
142
549
458
47
885
887
363
628
764
899
738
958
536
531
822
353
939
750
773
476
749
758
0
329
280
617
926
590
79
260
197
474
919
923
392
938
651
714
706
567
366
28
204
264
730
149
243
739
502
959
440
19
585
225
960
932
158
534
785
167
823
939
367
250
334
107
184
137
733
528
951
877
124
524
679
585
760
292
676
797
374
903
710
268
857
74
809
955
624
560
60
98
573
52
853
262
305
131
919
991
107
572
82
489
389
210
507
385
335
281
960
474
470
486
787
289
361
993
689
198
559
950
668
591
356
42
14
125
952
846
306
700
485
184
520
285
417
186
177
706
656
251
444
6
305
237
232
128
434
182
226
6
695
272
670
965
615
681
209
864
371
946
379
792
406
745
322
136
20
172
809
714
437
557
764
707
665
695
197
159
24
435
74
865
525
265
539
713
685
765
963
774
832
54
931
4
800
65
888
383
870
211
950
92
589
777
189
293
524
603
754
802
204
247
473
103
273
515
992
515
163
570
817
806
372
176
942
391
863
245
94
898
877
954
237
646
564
774
651
135
974
850
905
612
114
918
348
238
430
359
96
282
579
778
803
783
356
640
611
185
711
974
919
799
911
957
891
715
264
150
148
444
457
354
36
255
768
274
589
962
341
477
766
582
728
246
863
396
184
702
83
55
619
760
235
708
645
819
450
683
650
948
302
983
752
330
376
822
433
958
464
217
350
818
486
84
572
562
160
166
1
770
530
113
742
89
192
787
463
505
233
19
559
251
952
535
957
832
218
411
276
283
419
316
161
844
260
888
246
25
906
24
392
212
562
69
490
343
81
595
298
241
52
686
279
501
161
837
996
140
396
67
696
169
986
96
932
578
243
382
581
345
829
705
254
713
439
482
491
238
554
285
2
453
224
932
997
766
633
26
740
704
418
685
287
438
239
534
6
836
294
866
993
121
280
26
361
673
448
749
751
255
10
248
894
926
188
0
759
675
619
468
834
695
615
604
222
677
479
801
112
299
853
640
704
887
402
101
88
833
55
754
779
378
909
449
442
732
506
498
888
761
184
272
895
155
856
11
266
975
48
830
353
598
467
360
960
907
8
800
683
975
476
278
197
493
737
164
306
210
716
496
578
90
190
596
422
215
559
805
696
176
214
698
862
952
652
687
547
900
196
245
436
120
577
780
413
707
118
835
22
443
596
101
916
177
659
170
608
686
315
589
802
222
531
557
20
935
898
881
239
157
142
46
576
939
716
935
644
157
697
66
537
938
604
134
192
176
189
574
237
129
290
444
543
549
996
671
282
754
18
675
23
386
824
92
990
28
592
495
954
905
993
843
700
11
640
828
526
532
626
294
318
334
854
744
158
949
7
561
913
377
273
161
516
461
369
202
470
335
159
435
529
953
661
592
344
682
553
705
428
228
281
894
570
931
567
211
687
636
363
756
486
827
242
332
20
294
606
5
115
853
365
708
376
231
919
251
390
886
474
608
851
619
584
0
700
900
740
38
109
661
138
769
747
837
882
358
820
559
507
851
13
668
598
183
956
701
393
813
780
306
981
270
720
437
969
632
627
355
682
478
246
770
710
648
65
33
358
924
680
931
940
3
943
210
552
243
97
481
18
929
660
875
626
390
800
191
211
632
712
399
162
723
242
930
891
158
592
220
985
378
374
823
655
632
118
217
817
563
828
687
913
94
455
169
1
10
162
827
607
333
970
353
752
31
638
78
534
595
988
121
259
874
76
546
99
379
71
64
799
822
352
423
500
665
871
611
94
943
974
974
688
19
550
12
556
622
82
130
151
872
100
220
629
576
325
432
120
569
208
680
693
853
520
371
985
19
903
32
269
900
596
14
396
814
42
962
209
568
92
469
165
92
445
172
606
852
92
752
591
246
284
289
891
950
102
504
392
18
422
684
248
980
65
176
669
498
157
428
753
355
115
508
595
761
319
32
842
803
637
555
627
8
719
22
271
658
994
462
74
774
762
92
977
670
355
454
811
731
557
696
759
294
887
517
201
125
3
162
52
953
85
109
144
777
813
432
985
805
893
274
637
642
491
544
750
19
466
343
581
886
421
869
967
601
415
802
690
775
838
952
610
164
83
362
934
690
595
350
4
702
172
647
731
274
912
472
118
224
513
238
967
5
236
844
387
0
450
673
874
567
165
90
810
57
439
619
927
757
823
341
156
162
418
299
624
910
233
986
772
823
6
711
513
842
92
324
911
91
829
62
431
356
940
933
393
718
533
302
409
724
850
698
951
979
2
523
885
864
983
682
560
549
388
600
618
734
599
779
362
644
749
302
592
608
609
576
467
573
417
761
377
903
355
13
634
813
902
550
878
754
992
418
50
103
391
909
585
884
85
454
308
691
450
919
47
798
261
510
0
543
654
686
588
176
938
742
243
310
347
665
811
893
381
928
985
17
875
17
295
23
15
4
611
729
7
768
112
572
102
19
104
632
664
663
271
168
104
389
999
453
39
929
898
195
910
298
660
482
677
826
866
927
874
759
273
346
4
193
92
428
309
307
386
897
224
135
186
628
424
78
244
15
851
956
565
221
585
885
207
418
796
150
986
887
680
208
571
305
592
23
943
854
721
931
962
312
291
987
985
918
923
183
734
342
871
877
954
575
20
104
814
805
369
589
189
200
932
55
794
352
1
526
19
20
256
562
256
841
969
911
955
561
709
706
919
874
533
506
65
152
378
581
749
801
724
943
281
66
689
489
807
3
197
621
457
894
149
782
770
283
784
254
287
944
324
935
805
703
76
484
0
399
895
260
209
724
634
459
335
217
990
140
387
918
552
590
780
438
519
387
660
380
421
800
329
142
691
598
7
638
933
685
857
390
790
9
501
319
972
260
668
708
662
171
526
648
787
591
114
340
912
130
851
701
11
892
576
454
4
385
955
559
851
863
921
951
85
395
607
360
574
429
12
641
9
391
258
817
16
513
356
625
412
524
515
660
326
413
838
549
870
846
717
993
282
490
420
648
0
108
247
306
564
531
855
995
986
689
553
197
253
861
6
787
174
49
767
728
949
410
449
550
138
377
233
700
493
241
0
379
868
994
552
113
95
18
874
654
46
382
987
605
649
370
615
101
61
206
431
208
738
995
306
448
376
82
370
409
865
990
907
100
460
538
213
441
320
768
488
610
103
537
653
776
356
14
23
592
966
169
771
11
12
701
0
172
167
547
901
747
291
533
141
373
443
971
773
459
200
7
325
252
672
904
409
680
870
108
385
926
564
220
715
913
856
811
519
593
471
588
276
340
550
378
660
151
563
955
877
902
452
312
946
274
518
881
578
127
432
645
271
43
639
550
86
490
927
800
665
245
601
671
576
475
306
982
695
457
733
264
490
436
483
653
833
16
126
395
77
438
32
508
756
477
70
766
175
512
12
639
41
645
933
214
585
767
983
402
587
17
443
930
149
575
190
32
880
9
344
999
593
374
729
649
831
805
375
304
747
196
264
636
182
408
418
836
935
72
119
418
439
590
439
6
353
323
118
589
144
985
600
812
207
79
58
351
580
720
108
611
788
263
4
744
867
649
108
67
836
677
285
90
100
614
230
661
344
451
217
397
89
867
342
536
302
893
511
638
305
291
283
688
585
449
669
969
633
651
81
455
839
775
690
919
404
424
656
731
25
486
59
123
35
90
663
737
212
392
37
678
768
723
582
138
303
535
89
696
143
996
314
679
997
66
213
499
928
927
734
826
133
869
980
913
928
282
778
957
612
374
905
49
154
64
749
326
309
596
763
610
827
2
908
244
183
367
742
507
423
549
796
952
238
178
174
185
28
552
482
690
442
379
628
615
212
92
619
604
590
949
461
814
831
118
782
651
214
139
592
845
728
250
636
494
676
97
2
529
93
465
583
559
283
538
700
158
2
733
149
243
632
575
306
376
538
700
474
468
745
107
572
348
205
490
209
916
702
950
628
226
278
887
664
538
314
40
279
845
228
822
432
19
930
805
843
382
312
312
493
104
101
233
611
242
10
670
448
583
755
818
286
151
353
525
554
614
685
954
612
677
219
164
303
495
467
97
754
671
617
61
762
455
399
95
301
535
801
798
93
787
685
225
893
575
910
267
408
524
449
259
34
908
991
817
551
229
574
401
282
816
686
734
753
552
683
362
262
662
243
736
832
20
203
6
178
354
732
131
321
550
135
284
328
152
860
621
766
146
141
418
212
603
100
500
681
734
580
603
572
78
658
140
663
341
645
258
263
133
689
260
578
864
505
431
427
451
407
51
130
902
252
740
420
407
395
665
51
780
723
924
218
570
59
502
651
173
966
299
675
534
950
922
573
42
27
197
271
320
466
913
761
490
759
157
257
553
709
977
420
765
44
897
284
206
484
813
469
213
50
649
966
677
630
287
873
571
638
640
218
131
9
604
852
660
961
684
422
632
940
144
966
255
6
955
689
139
510
563
657
496
617
122
420
683
963
336
291
7
14
324
813
831
244
589
426
896
103
814
747
537
402
256
383
412
611
254
7
976
224
884
825
231
435
659
87
652
765
808
731
13
16
293
666
493
401
429
942
954
560
651
520
247
819
787
753
58
218
675
904
291
112
233
204
231
624
890
201
68
81
786
307
990
285
337
753
994
166
165
729
168
85
336
130
908
999
692
315
208
910
64
839
348
68
283
611
999
234
911
206
709
437
65
250
555
136
700
62
603
339
763
178
868
962
553
466
26
967
571
726
381
310
533
169
49
548
975
337
869
132
731
590
212
940
3
199
713
669
287
89
262
508
942
378
374
940
537
616
408
925
891
576
80
838
618
588
963
434
842
580
318
32
584
555
806
74
676
866
992
946
559
690
797
969
495
301
539
854
124
205
106
661
389
795
150
147
170
356
769
197
382
255
779
876
814
572
81
644
360
608
784
271
217
548
625
33
747
726
532
791
249
237
394
295
265
859
129
867
300
66
155
301
778
855
649
895
108
374
879
555
778
650
876
43
805
214
317
576
255
842
571
474
663
797
892
515
668
176
416
890
302
689
990
932
314
817
986
456
962
588
822
448
116
755
184
927
428
353
720
200
919
308
154
615
720
309
792
605
320
333
955
795
394
339
750
625
67
744
65
137
580
54
942
452
672
12
413
450
897
476
873
10
16
971
353
522
627
410
63
199
148
43
516
362
843
53
419
881
61
565
124
13
578
686
449
589
229
397
650
926
51
686
219
818
141
632
437
901
382
798
749
802
193
659
649
59
521
332
149
249
769
645
857
258
313
386
794
764
466
652
814
527
639
318
355
554
601
718
998
173
830
744
674
875
799
354
193
418
687
518
153
259
831
963
681
115
839
995
717
637
833
23
134
732
872
354
544
11
407
360
710
579
717
528
52
113
896
204
792
826
473
15
562
663
732
394
619
790
667
133
573
431
103
745
658
620
948
552
634
286
771
928
700
401
476
700
811
638
177
985
817
762
497
9
576
617
604
538
143
370
234
841
87
864
45
325
262
156
964
243
645
628
94
354
261
368
609
779
216
10
178
682
598
615
845
485
431
455
946
360
297
298
371
153
675
130
234
522
344
437
350
136
80
54
526
749
408
581
794
258
466
802
72
816
400
549
547
640
101
156
711
540
553
295
136
623
48
571
993
198
7
246
488
292
323
100
803
209
855
309
164
592
17
360
599
916
287
672
93
16
719
710
289
228
609
897
725
252
435
177
476
429
450
50
657
932
618
924
297
423
826
286
23
895
493
12
633
376
973
692
691
686
840
40
273
435
774
403
348
1000
829
544
13
420
153
855
706
9
198
81
793
405
29
782
819
936
414
159
142
945
568
12
115
965
173
228
597
562
353
357
971
61
766
670
113
435
841
930
362
272
442
4
670
20
747
339
233
918
11
413
34
946
42
397
33
936
59
281
356
110
475
395
249
699
992
244
517
447
132
175
607
518
198
551
467
599
109
390
801
348
69
290
231
510
64
133
360
749
503
669
995
739
264
235
813
309
18
435
949
625
547
273
436
250
672
957
90
208
572
686
976
673
699
427
567
485
478
95
908
854
963
629
364
386
694
285
761
10
165
592
1000
351
723
77
414
438
10
920
337
278
13
291
406
839
104
345
80
63
805
512
679
373
453
946
9
431
99
998
45
346
286
466
24
800
424
272
648
335
380
112
511
691
23
327
421
348
937
872
350
14
711
791
687
603
349
864
919
648
593
429
449
39
210
551
152
553
1
559
783
343
956
201
43
125
180
772
455
533
418
148
577
10
643
641
463
110
658
986
282
353
773
385
25
989
607
640
542
375
267
708
933
654
20
638
592
440
954
565
193
843
279
916
320
4
708
589
576
172
254
204
890
2
961
108
178
879
148
443
759
664
410
89
787
614
358
628
935
780
939
935
636
147
384
381
622
645
31
35
78
204
799
935
926
16
370
922
362
166
108
929
85
531
528
529
110
738
483
625
198
1
543
95
304
310
721
489
694
649
892
607
997
413
460
656
907
285
56
111
229
522
463
38
629
326
311
314
237
871
327
926
888
997
333
233
806
934
554
447
227
938
978
648
271
759
940
439
881
709
437
315
521
276
879
397
875
195
612
111
906
661
31
11
270
685
174
310
18
52
980
419
975
859
810
723
216
937
397
678
422
322
390
129
770
6
631
966
91
548
838
826
75
830
423
934
940
20
573
236
869
878
449
204
870
742
44
206
374
855
404
851
26
522
275
460
802
482
398
523
7
993
601
940
253
733
768
516
713
822
867
496
536
276
420
674
181
674
164
975
49
207
680
994
437
431
762
770
869
823
219
348
137
220
409
480
160
674
183
10
247
915
60
813
874
534
55
380
103
534
457
384
690
521
490
227
892
915
524
791
356
369
989
39
558
343
382
629
481
50
818
755
76
829
34
659
12
485
649
786
619
351
842
838
897
258
417
396
374
167
133
883
549
118
705
92
612
651
893
3
775
971
289
681
668
457
672
859
18
13
0
152
452
819
373
60
29
967
700
981
19
413
671
983
112
202
392
736
25
731
813
978
493
323
825
2
8
151
582
79
1
855
127
88
97
163
653
148
689
942
497
510
924
55
940
762
612
254
22
934
67
978
769
232
26
571
447
836
888
314
874
435
756
177
9
292
934
251
126
582
340
594
983
591
272
175
71
777
663
946
726
789
591
609
315
467
167
537
996
854
579
631
454
177
294
880
17
605
396
910
647
972
854
875
4
853
948
315
48
242
91
393
52
264
210
482
471
629
189
18
979
799
784
468
245
744
833
420
20
374
753
77
486
947
46
35
822
248
421
646
703
964
50
744
160
587
760
450
919
232
706
509
949
213
205
478
150
897
743
631
886
21
64
688
66
636
294
794
154
944
843
135
923
557
966
268
967
67
892
204
527
241
131
1000
766
733
834
457
203
675
56
159
919
247
252
506
95
613
783
6
637
509
563
81
619
613
587
146
237
176
96
921
25
317
413
795
926
571
730
820
480
773
233
70
18
16
292
262
101
359
649
339
287
710
993
379
726
71
102
558
88
148
331
976
224
0
210
381
424
915
953
131
243
378
307
14
502
13
50
507
609
774
126
117
127
531
214
404
230
657
764
796
435
171
946
651
281
142
620
387
460
355
61
331
678
929
382
919
740
351
833
400
434
189
861
696
520
820
992
545
882
413
324
754
531
62
126
433
751
98
366
239
467
847
157
541
664
981
521
932
353
237
369
624
755
256
859
126
958
48
583
381
82
187
964
727
708
91
561
670
75
894
225
345
542
427
566
226
269
979
809
276
788
337
514
972
803
849
685
106
378
40
505
495
496
771
621
41
783
669
669
54
461
24
264
14
734
713
907
86
975
657
826
802
276
383
242
682
102
921
728
957
50
144
686
570
583
595
428
76
544
22
964
855
521
715
917
21
163
794
951
861
245
24
4
629
714
49
737
738
923
30
83
375
472
695
532
187
564
702
21
975
896
30
836
331
462
82
238
301
255
129
57
960
590
25
581
124
121
751
697
611
419
471
195
870
849
560
645
163
264
495
820
529
946
557
567
825
552
591
905
778
570
681
558
916
740
126
630
337
270
318
547
120
142
458
538
473
71
947
929
18
495
991
778
467
938
881
807
893
29
801
42
104
212
30
296
536
168
967
963
31
780
896
152
5
274
742
907
700
92
935
704
457
360
840
870
640
815
301
17
811
844
141
438
409
531
917
129
256
663
406
537
111
917
272
367
957
934
948
968
795
93
180
638
404
320
139
2
806
293
376
295
598
553
125
52
275
865
893
736
152
975
909
398
77
992
766
137
315
980
716
482
847
597
587
4
885
7
900
505
710
448
22
371
313
712
164
416
435
725
475
600
91
585
297
916
1
971
47
998
470
501
483
760
331
297
661
884
444
18
179
272
822
387
831
24
754
711
998
99
751
17
354
634
672
623
302
36
344
356
737
593
454
152
353
340
649
617
575
230
779
59
873
633
859
422
320
75
891
181
170
359
775
379
613
822
918
920
174
725
578
67
624
435
702
365
881
764
999
790
611
127
145
420
532
461
364
701
708
925
224
702
648
145
196
114
806
676
897
802
171
749
366
797
632
533
534
128
335
346
942
346
416
201
556
878
330
651
86
888
749
469
286
975
15
878
557
38
824
453
732
326
31
245
671
566
14
239
748
501
846
442
96
78
796
644
518
165
322
128
764
144
27
111
848
504
473
920
794
254
679
720
307
1
786
714
319
756
512
554
972
498
382
155
509
940
16
854
980
671
524
199
387
424
649
550
732
930
307
131
682
705
291
656
840
511
213
446
693
269
860
4
643
38
853
252
54
265
222
306
541
582
243
834
555
353
40
917
828
949
912
106
389
696
548
395
365
735
912
934
936
190
786
688
792
763
33
220
228
328
935
613
155
905
594
488
568
621
853
947
581
514
958
834
879
0
802
408
641
664
94
430
472
96
300
598
39
912
20
140
841
100
549
943
932
942
742
757
789
894
506
284
270
978
748
276
540
163
779
657
718
881
447
657
954
574
814
677
131
353
42
11
92
89
381
591
331
27
115
230
215
923
811
43
277
775
267
942
792
205
959
511
736
902
62
632
812
140
178
815
275
620
781
15
497
267
111
597
725
192
101
306
653
559
725
58
977
793
734
427
427
562
981
312
666
893
879
773
152
139
10
808
493
833
512
99
542
961
681
283
705
515
842
866
830
857
432
859
36
740
892
169
89
18
863
8
224
62
234
831
285
337
840
155
593
867
50
613
385
583
55
539
807
74
281
18
980
792
642
780
980
128
939
903
395
176
944
659
577
276
134
479
192
140
643
908
667
391
496
100
226
630
911
200
212
710
527
980
356
954
540
423
867
841
334
736
950
903
11
937
583
244
799
788
908
345
57
535
262
365
983
383
34
886
45
984
172
1000
377
416
6
570
600
299
166
526
496
743
25
98
526
75
548
855
270
98
389
414
715
10
572
317
593
22
848
697
845
262
783
291
667
350
154
460
703
62
974
596
504
146
997
750
793
744
932
435
945
583
452
28
572
497
466
186
872
840
49
186
971
351
615
887
527
696
353
20
605
730
323
382
57
823
571
130
896
544
588
615
548
91
674
920
406
822
581
827
920
984
108
241
211
74
150
611
868
17
601
859
330
962
2
110
148
598
192
684
316
744
158
638
871
957
441
369
547
654
972
384
845
247
943
231
456
75
877
209
506
424
451
829
973
799
466
674
904
444
697
381
816
912
604
0
419
937
722
757
178
520
962
653
685
576
516
703
71
974
980
798
412
652
560
454
657
389
478
120
618
670
483
798
692
803
558
79
283
149
704
477
372
784
929
77
424
9
758
55
16
90
906
618
754
230
418
561
866
602
557
251
484
796
159
158
736
454
504
255
946
690
501
898
149
611
398
545
115
491
789
75
925
714
404
139
122
108
898
438
7
12
194
382
795
914
956
300
926
134
618
429
267
46
858
813
624
75
316
355
306
15
710
381
588
167
687
874
39
20
198
607
932
783
267
830
0
270
0
661
33
254
837
974
933
998
362
148
523
937
776
1
260
570
527
582
8
951
542
191
783
388
226
393
745
416
629
885
686
497
472
890
44
548
705
527
570
513
211
392
756
105
907
26
461
215
232
538
446
292
443
402
879
604
839
7
876
577
42
218
717
180
136
956
337
541
174
284
925
137
544
515
25
344
469
113
131
697
384
876
362
548
436
648
980
425
901
335
728
777
16
641
62
668
501
504
95
473
192
22
55
215
316
169
175
31
353
288
47
918
520
634
828
911
93
832
224
888
232
337
837
988
284
154
989
964
758
100
269
615
437
238
616
477
862
707
184
3
137
387
510
949
455
123
156
280
929
524
714
450
0
112
462
658
749
779
8
9
453
197
365
854
155
222
369
350
655
10
112
98
555
335
16
245
535
295
420
66
261
848
785
585
4
621
248
188
404
295
422
730
158
1
976
741
842
971
129
111
47
913
812
650
856
833
411
765
15
736
857
867
406
828
366
40
290
124
592
187
654
227
553
751
694
709
12
925
774
431
873
751
40
865
967
958
706
23
795
163
208
902
935
112
298
525
548
296
199
952
681
569
400
139
839
180
235
242
76
325
686
731
711
665
779
570
265
185
753
752
913
376
527
528
428
955
539
22
23
711
798
91
575
87
184
634
754
225
884
955
798
599
463
95
533
531
104
539
359
648
662
165
517
61
616
273
95
47
270
506
555
552
395
377
725
372
77
753
788
26
332
750
842
640
454
198
371
775
87
294
303
119
912
142
604
734
368
987
875
6
967
931
778
943
789
136
333
162
438
763
116
992
139
151
658
155
820
530
525
794
269
275
760
967
738
291
221
513
985
443
352
764
173
69
947
946
88
994
891
79
86
303
295
464
390
310
4
720
903
963
845
873
403
175
695
85
361
595
90
719
112
958
552
570
516
413
210
372
447
331
31
945
147
940
583
507
702
250
210
917
41
884
80
263
393
140
467
689
482
819
795
180
195
226
794
791
624
458
220
59
483
257
62
712
165
401
936
587
595
611
693
487
560
502
733
773
163
370
644
94
22
880
112
439
462
685
811
255
631
468
671
230
649
20
69
527
538
803
843
52
655
147
355
798
572
301
938
672
419
107
757
674
841
632
743
303
101
40
992
964
55
444
418
615
870
779
693
577
575
373
794
912
706
196
898
852
857
204
964
772
56
526
827
165
246
790
116
560
907
173
463
567
306
319
596
636
303
715
832
485
531
759
267
212
713
242
524
738
866
21
922
395
449
838
816
841
642
857
555
795
304
445
521
335
785
216
716
612
126
333
201
487
349
579
594
423
779
905
554
96
591
497
808
710
496
232
637
231
493
720
781
171
275
807
480
840
116
292
384
774
875
903
315
469
704
325
359
927
546
26
204
815
841
511
323
345
338
449
180
402
392
113
147
82
590
924
15
804
209
922
637
928
642
910
128
763
616
535
292
99
486
8
315
180
675
636
837
65
217
153
123
728
780
938
977
446
580
702
13
90
594
42
16
760
146
724
753
416
986
965
136
937
680
844
265
242
108
472
506
440
14
974
537
173
822
570
744
900
411
633
66
325
196
881
648
745
492
264
106
701
609
34
462
826
912
259
953
700
998
780
899
450
781
193
102
836
485
420
272
484
601
772
359
359
547
71
402
577
312
693
937
107
392
168
365
909
610
54
660
724
627
636
115
304
588
42
797
883
116
13
944
852
818
60
819
419
631
230
770
497
784
685
483
127
456
425
897
875
58
511
984
434
840
0
398
319
942
27
666
259
657
726
683
390
731
7
71
488
966
884
717
454
157
891
851
718
295
82
367
670
659
223
344
946
779
42
242
988
957
474
553
939
401
96
90
27
271
774
918
604
985
76
958
466
162
407
785
582
990
465
249
393
312
921
590
193
450
112
247
245
653
47
841
919
529
157
422
159
854
697
122
598
329
146
391
679
289
17
335
387
494
99
707
254
963
930
737
570
944
758
281
609
296
275
611
227
45
262
124
743
352
498
880
965
485
397
783
950
879
307
225
115
318
14
637
535
672
304
881
550
9
393
457
565
229
891
454
157
258
527
490
658
717
410
523
381
3
824
983
822
319
319
555
621
147
93
944
68
181
750
647
182
730
225
150
320
483
139
763
658
14
425
287
441
995
880
879
88
635
843
191
754
21
384
748
627
849
536
901
590
613
470
522
15
882
759
351
351
629
807
129
822
968
207
118
575
980
205
685
474
500
654
499
652
177
120
780
712
294
334
447
233
357
323
208
801
812
702
803
941
614
779
709
954
714
683
333
21
614
992
445
107
483
28
734
118
27
148
258
405
23
621
6
669
999
983
180
484
620
406
306
587
152
513
309
54
397
624
875
376
617
124
292
0
558
776
698
734
149
121
337
553
613
627
262
11
700
630
61
631
709
389
576
660
480
79
850
575
307
646
787
873
14
238
530
813
564
932
548
274
914
661
1
931
376
427
202
706
0
795
407
270
205
300
79
163
269
831
917
754
709
796
690
360
501
466
47
639
63
748
140
501
261
269
255
445
931
283
763
983
311
653
32
404
95
797
519
234
896
74
799
54
14
398
898
424
770
957
538
800
929
136
619
376
505
818
368
778
401
234
956
794
377
825
451
815
700
464
8
786
787
760
802
701
772
750
84
939
442
391
762
9
981
459
926
641
567
21
562
915
103
263
284
996
32
665
374
654
394
924
813
124
60
28
447
91
948
941
780
248
310
555
259
752
891
958
381
926
993
306
34
830
728
835
676
142
90
811
841
89
623
922
492
478
377
323
611
647
649
233
446
891
0
744
177
651
154
325
769
19
87
125
396
370
426
193
778
310
362
476
0
345
800
415
582
0
717
58
108
240
768
493
293
488
62
810
979
278
714
17
566
658
803
924
561
771
491
561
73
587
922
1
737
301
441
24
868
842
57
64
647
2
35
107
94
329
5
368
717
851
624
243
323
307
333
545
603
354
669
236
901
604
489
38
401
167
882
136
326
833
640
264
212
638
486
2
171
234
105
619
808
725
391
51
359
692
413
967
269
876
46
55
625
833
174
206
197
99
668
935
703
648
998
600
511
871
400
220
683
245
569
840
621
860
774
528
317
67
238
820
316
149
276
539
234
48
150
200
578
618
891
836
548
786
927
155
283
289
605
470
763
962
194
15
944
134
237
436
668
691
966
981
133
791
809
722
136
260
401
113
234
53
458
708
680
820
948
101
451
121
801
979
341
825
316
341
840
19
795
706
240
460
792
786
663
853
366
179
759
459
219
293
727
600
688
521
19
730
341
843
60
529
84
516
561
655
644
244
502
295
521
291
990
237
362
768
685
281
542
148
404
161
582
743
444
544
472
945
739
606
603
432
64
166
560
208
62
518
443
290
842
335
948
352
262
115
20
213
306
97
675
95
306
474
515
41
1
943
164
328
303
470
65
916
753
246
838
841
98
908
2
300
930
567
808
111
310
956
845
52
468
510
645
108
195
844
738
776
365
227
530
882
777
479
53
184
630
732
128
559
837
719
288
149
134
82
854
681
809
357
544
436
112
110
181
479
770
319
415
681
703
832
83
175
999
714
229
788
394
305
713
665
720
63
17
445
688
414
67
83
490
567
713
258
13
230
946
440
437
810
412
521
783
181
114
875
648
754
988
911
186
246
508
1
821
88
937
987
841
863
849
351
255
293
26
890
94
781
673
586
326
112
161
387
542
20
302
953
361
868
398
610
155
893
728
130
322
965
222
810
960
347
722
283
601
873
736
403
663
381
15
109
262
989
660
279
995
983
798
128
257
407
378
995
495
313
753
999
616
111
773
458
639
574
962
384
196
664
855
222
922
527
946
712
270
56
634
951
874
972
699
637
458
8
415
870
525
757
671
287
753
439
300
312
498
375
782
608
283
150
994
764
856
18
710
322
718
68
416
402
385
999
637
559
720
321
501
612
358
783
857
453
119
475
619
889
471
159
874
365
186
385
19
731
276
915
894
27
138
725
463
614
990
862
647
997
214
987
203
43
790
232
252
774
576
119
600
642
109
861
549
270
422
735
613
340
263
54
391
369
55
881
166
229
297
652
772
73
903
354
754
787
174
931
708
864
694
319
165
928
77
222
759
677
670
207
623
889
464
695
933
62
972
290
356
108
828
76
111
580
742
251
256
529
403
625
649
498
174
27
729
973
631
772
832
992
378
938
19
35
591
500
23
182
990
875
347
652
497
37
855
3
903
625
83
794
31
10
143
34
480
435
852
122
742
573
342
625
823
975
556
484
326
730
945
259
97
664
918
397
973
988
201
543
445
348
173
789
749
638
535
558
794
188
586
576
483
363
725
633
350
361
678
441
315
748
39
316
518
709
920
926
358
496
18
736
539
80
591
119
449
36
316
500
210
830
454
252
901
951
814
506
514
527
590
849
452
448
442
622
817
576
455
374
471
673
909
751
794
178
730
371
531
71
13
83
855
561
510
337
41
155
701
257
380
866
882
639
135
11
956
322
22
5
21
317
648
931
65
483
612
103
737
435
594
370
190
400
92
655
228
802
160
714
604
823
886
358
514
137
907
356
452
493
177
177
566
996
52
960
220
621
327
69
734
903
901
3
664
14
845
616
89
21
498
668
573
434
144
256
173
427
731
271
356
537
669
114
223
483
623
547
314
208
850
128
291
565
328
854
5
847
333
942
282
629
592
530
344
580
195
869
924
146
624
582
228
120
871
925
892
5
4
372
395
946
551
571
687
872
377
385
420
196
381
601
857
406
741
265
360
251
629
204
666
508
43
328
444
164
168
952
354
383
428
63
293
14
690
541
458
765
129
666
600
189
553
599
549
183
146
317
690
472
856
994
535
916
506
898
911
752
511
340
929
533
952
583
210
419
609
842
907
913
903
86
286
191
321
953
301
879
646
221
636
743
849
195
631
419
196
728
144
932
104
613
567
5
361
663
127
247
390
788
652
525
658
678
295
247
646
319
147
221
813
556
569
752
605
366
886
10
124
988
101
496
320
134
551
930
860
303
364
598
147
690
872
246
799
108
731
271
976
700
949
238
586
293
210
892
709
649
519
870
770
8
203
666
144
525
281
645
104
453
71
781
290
217
723
280
274
829
764
342
4
742
403
170
791
240
315
676
691
393
650
280
156
796
303
704
4
917
207
821
183
12
937
446
388
412
570
673
923
225
343
308
866
808
626
674
607
635
641
355
33
416
293
491
696
734
722
679
954
175
948
717
19
358
474
156
616
854
431
642
692
324
896
393
507
207
373
887
809
377
716
673
650
402
295
743
62
915
42
930
834
710
414
937
11
818
705
472
927
984
129
618
5
178
414
523
952
508
660
736
401
301
715
770
293
799
590
535
184
361
283
951
414
716
141
440
733
383
494
91
290
689
613
493
403
305
236
763
703
185
439
769
455
641
329
8
893
17
201
675
289
179
413
872
989
937
246
729
721
636
946
833
256
64
142
369
752
956
747
226
650
236
38
577
553
4
677
627
286
872
33
584
898
418
970
853
383
408
542
486
249
247
931
46
701
126
570
406
19
218
747
896
461
292
680
23
479
235
704
956
368
212
79
532
443
62
264
964
972
123
517
788
662
429
893
260
480
341
478
408
13
694
229
611
316
361
150
780
102
253
228
743
181
165
625
213
166
876
973
555
456
324
132
317
194
896
696
616
37
909
18
415
722
890
484
12
734
177
807
79
793
892
674
173
627
131
440
173
343
111
529
219
408
282
943
371
485
231
801
123
810
837
444
794
395
590
589
539
259
411
197
492
451
666
650
691
180
590
76
322
287
633
694
368
930
66
534
186
318
864
823
598
424
274
394
364
997
514
574
173
561
605
770
161
197
992
637
490
923
379
853
592
265
199
453
424
648
79
768
432
724
76
666
950
499
335
493
670
579
161
638
815
15
258
109
255
288
15
323
129
22
391
778
725
649
429
643
732
396
753
444
290
552
961
20
234
621
411
75
990
368
392
875
196
944
550
555
153
554
702
214
556
177
939
856
354
7
804
942
660
34
771
339
973
615
702
439
253
775
733
481
503
916
641
688
678
608
923
409
173
588
441
522
957
856
345
411
525
266
174
923
24
236
511
13
858
980
459
603
928
446
688
237
477
547
958
82
938
99
603
37
944
93
267
0
949
520
503
188
734
56
537
323
490
712
733
486
811
696
215
598
547
642
604
59
578
672
7
435
937
16
844
132
263
753
265
249
10
209
471
746
177
109
197
380
356
287
0
361
448
99
345
155
53
859
79
376
681
350
163
711
119
174
742
471
859
761
76
74
170
478
0
313
936
782
895
839
312
783
485
963
440
621
829
202
261
121
925
785
775
816
5
446
829
733
180
154
710
405
771
70
270
37
964
48
531
404
710
6
232
863
144
821
616
339
865
924
704
487
298
325
173
367
685
488
362
124
902
907
995
519
472
90
264
772
826
8
36
850
624
634
256
385
779
693
531
437
947
201
510
949
27
702
848
290
428
738
16
90
918
531
620
613
937
926
150
98
5
564
312
636
666
452
837
319
247
138
935
208
703
783
192
578
704
237
214
155
998
134
376
527
282
579
676
287
684
339
470
408
244
514
733
596
164
676
910
136
625
414
105
721
305
438
52
545
156
857
827
42
844
947
438
446
119
979
968
571
291
19
285
131
673
151
573
656
297
910
133
614
666
42
728
709
56
172
340
3
108
365
515
28
6
21
579
776
586
379
812
835
212
635
774
870
112
423
294
741
361
51
199
378
215
85
283
992
817
908
607
90
720
250
562
635
112
766
332
171
723
587
179
264
974
218
613
494
540
362
308
735
413
961
366
416
192
968
456
532
988
338
14
429
632
931
8
681
564
146
409
713
3
347
986
869
467
688
852
714
185
944
838
475
256
614
452
593
207
617
468
521
949
486
287
469
465
803
216
70
934
446
849
341
506
517
240
190
913
5
841
459
738
790
387
93
748
122
650
718
508
954
53
314
752
166
540
837
660
485
20
959
958
962
898
831
540
62
768
124
310
433
814
927
417
820
280
540
479
407
763
402
671
386
381
798
102
18
385
564
365
235
361
936
648
747
786
726
583
767
875
745
109
177
677
208
587
148
205
3
389
667
763
723
401
204
753
461
935
954
216
157
241
5
570
518
467
971
341
230
780
393
368
446
670
749
173
835
926
19
184
338
444
153
360
861
57
511
485
501
411
164
776
43
282
662
160
844
616
694
11
740
199
665
243
483
754
96
189
497
764
136
41
180
10
303
16
127
401
647
993
25
64
52
840
541
56
800
151
948
840
443
375
434
151
398
767
983
837
417
918
21
108
502
469
65