153776
399810
74061
30889
336185
427549
238201
408168
300235
418042
96290
438668
71151
208168
82830
301510
213822
20928
123456
74930
262793
199399
258572
423873
174080
135673
10331
112372
35073
37117
273367
320944
246575
208172
199469
291121
18884
333569
27353
337162
237802
267275
332221
446317
267351
316547
248926
134433
7644
208421
206848
425541
158976
267090
405614
145673
132792
28926
118469
58004
159161
193697
259895
280232
420413
159383
194898
352850
173885
140650
405204
18795
81757
370099
434084
311757
62161
300278
444413
96199
351718
195910
402559
223646
367629
50763
254701
364729
296458
198555
197708
384137
240602
230146
201729
130432
398181
445260
356133
48890
206366
430976
294943
99880
3684
343828
225609
138982
420308
333741
132837
336798
336365
319948
217059
116855
85464
110674
291292
206799
1030
397832
200084
35075
318618
44991
223475
179714
383302
330585
55444
52822
147212
38575
160616
328239
163391
120070
209421
353003
60106
78043
313815
37103
88312
134124
36132
229836
312648
266035
329534
96003
439126
258608
134535
80579
166683
145922
140171
163346
258561
437888
91059
2208
154885
41883
206661
217433
86708
230000
184854
286449
371610
416120
69807
297408
2630
185317
61751
173400
393378
437372
220970
3300
305559
330227
105784
313093
186006
401256
57756
69351
391452
294250
90099
129717
416430
405251
161805
71277
88211
425121
410045
18846
341406
349230
403621
169072
64346
72832
14187
68892
286426
35708
364266
74793
396765
220450
16572
317040
229476
81487
308319
19434
79182
161136
314967
151910
220821
233718
357777
226678
400117
210435
237850
327854
207553
338876
1776
56037
271169
280904
375793
199483
29813
205704
97649
5689
223983
262888
402988
123424
34544
345905
419814
435622
299971
308039
335601
360049
415906
301884
183675
165464
197636
70087
427604
168126
376910
74834
141635
2372
27091
62297
248737
91187
163752
268800
52949
391187
266678
443598
323014
125071
411402
197092
276251
55056
344277
262219
200315
187123
276607
169578
312382
320894
350858
114853
404379
177194
104264
180210
116559
381438
433097
433088
282241
417207
186273
263966
368607
224948
169587
16866
185928
135429
37160
299738
320853
159625
332931
393860
431937
85003
170510
261126
132072
12967
203037
330530
125519
84080
372613
314982
254534
293453
172245
79501
201064
44398
5128
46022
46084
291718
353870
10509
169633
242307
289636
125457
284809
310461
211980
95410
220779
124916
243680
41712
18746
103609
162592
367078
387581
235106
212477
192599
157444
230653
367334
264306
16573
234609
115288
255934
51707
106999
144740
266479
331936
281913
226432
145445
179814
174736
70860
91987
280676
422815
345293
428567
239687
219164
234807
309381
411223
222262
183205
74453
302436
210789
70871
77972
363697
109917
200739
52693
68099
38848
421466
400325
26581
143985
11064
395817
251513
246950
95594
229817
93385
203792
139582
61638
114480
352095
364833
204531
374804
39313
31906
420102
352733
444689
109756
81240
136078
103001
287984
160754
111836
28152
90154
59642
385172
179850
331761
423722
122997
416267
4251
27203
203648
404208
435642
436803
256094
253637
137802
381754
273955
58720
58481
119518
182307
1233
179770
230796
185139
4490
412529
140859
138919
257105
385777
301751
434286
176126
207061
275895
386897
376172
203544
49772
259393
148835
161962
74137
15215
138794
294631
375661
367663
372650
389576
46845
52547
51224
194865
394895
371185
186618
392503
253691
150158
18321
320470
38925
323361
88746
68110
24833
58124
87427
328390
214474
285839
215501
438172
337894
157315
151540
367607
78793
88659
97799
139203
57577
94521
298406
313647
48258
78287
286986
296100
248895
11616
422931
156920
127286
389204
358493
125998
325938
132847
405214
87211
278966
329117
99779
294681
271378
14619
167740
57140
407828
205906
408381
150589
199600
205372
236598
421613
334769
202739
345003
229955
323345
68553
109666
358222
146649
25476
172188
314438
14335
367268
348396
411173
326545
89886
279363
188509
296169
363875
167178
407973
305212
366552
2713
38989
404133
368885
73643
117096
305928
265872
374897
407764
125134
128242
145056
107337
403931
58153
375106
141479
363444
432262
76708
107539
268300
203053
350723
83963
197054
284088
376933
410736
193489
443749
374097
290840
417482
282261
107676
134328
182002
146360
190796
141658
338274
78945
57311
149380
319730
332497
13511
443236
256715
395731
198771
247132
269494
426662
150966
368523
7344
387756
93297
315912
368140
333007
378186
234546
398448
307970
220621
204487
430864
153592
390772
105592
70777
238315
384657
227330
218665
302480
154729
402955
165469
231844
391873
407113
224155
368372
402624
221987
87217
230743
90352
253735
94098
350405
407967
353435
158954
295120
239572
325106
421900
334311
15282
418636
232206
11809
136453
436786
318332
409381
296744
280528
124439
283323
53102
277408
204071
352209
341322
131626
175427
245503
194330
305543
310034
147340
200119
274531
339305
347917
169315
119948
446017
323
202996
139297
343597
73561
180993
295721
244834
438020
369242
105734
417376
92687
159803
390192
154731
238093
383456
134375
325012
135880
355271
132695
436562
35630
98439
54197
180789
149851
328310
113509
47256
96994
434434
28139
269031
204997
349176
391265
86142
17831
92627
195670
99664
400623
12108
39549
218162
253514
10466
143262
242398
376586
698
90418
169645
145861
258469
433369
330006
22152
105950
20437
424407
345863
311012
321525
115005
373031
228775
284791
8767
35549
79905
376165
334198
402725
377353
159667
441733
61594
170540
20011
277336
336384
92848
279302
306807
119829
435320
197805
422864
323441
189711
306693
143340
61862
397182
216674
161017
304270
349392
440689
417862
203891
13447
362464
422939
390198
106508
445691
91049
380155
404039
82865
94603
234509
323854
69296
15164
325508
315500
406124
63985
370465
170659
30708
79854
116516
355067
433188
73675
157482
222816
45457
197847
85303
437538
374677
241701
250166
137120
357958
36646
264787
93569
212830
108051
21750
212350
394987
375704
394034
372559
302626
171604
246938
192040
260984
231836
158595
427891
167668
189453
148467
143886
137199
94991
389417
208847
353919
435020
377140
309313
213812
398875
372610
115912
150735
216475
49355
263169
4390
174732
400584
102376
29251
110174
441396
166335
264678
151288
161158
286937
317952
41388
390973
52392
329865
39485
137390
419738
4933
50999
440957
198141
400554
343491
330350
233120
105222
217563
83390
115539
98451
404114
149622
11400
373507
271563
387589
22021
191699
249086
336363
38447
445435
214324
152325
381907
160176
442476
413455
137826
188862
211621
228181
148875
435626
416610
297650
140663
226327
319803
117753
158684
233340
271285
92531
74512
349000
169142
96895
114206
173676
406935
166894
161138
150105
369897
123352
166857
86544
357794
164440
244373
51493
339076
31007
429313
344255
290249
34273
366556
119352
28600
209195
235163
423903
379328
280937
333748
2183
430208
218405
309116
383651
129398
376502
229457
308587
246076
275845
44817
282853
408454
382208
344773
441839
251168
118413
210510
304607
244651
346551
286585
320069
62894
137360
214490
306032
173945
104783
249369
219266
307742
267643
350297
383255
187575
65924
334710
156175
386650
203931
287111
258574
259011
392067
38204
389833
287502
166189
247803
307305
134587
257797
31626
289906
187237
253096
96673
113005
80721
66919
294
361680
326208
194627
373501
319786
179991
314428
392282
170059
389378
299115
343621
327032
118659
18819
335228
307765
157182
402151
378269
88218
294467
57092
347249
330574
69459
416164
13747
183129
90127
53464
343707
379774
118477
291282
138383
250184
438814
88026
52151
109401
330650
53785
218773
327192
320589
49622
125879
315241
330329
178719
271355
125080
115886
62126
60822
423726
239636
405878
255676
339844
107545
220077
410651
58316
329743
276081
231073
116265
66187
80781
31052
290822
115788
105830
92171
289714
391284
305405
80074
282579
230035
424310
307136
228173
361960
10041
360123
118731
332869
148226
369785
428364
11386
188452
84743
177146
43685
304878
224000
200650
247244
410845
135770
49058
195211
441001
142081
286275
430988
198497
68713
311596
389025
383663
32952
345335
91006
353784
404130
169815
416207
40118
183038
3177
178223
91735
74227
184596
128223
372156
45094
213979
23788
50460
234966
147379
109851
284829
930
160035
13446
444895
90764
215751
363120
358126
25491
274812
387070
399225
88992
322782
55454
121238
344421
443956
272674
311163
372608
280774
379111
313944
116216
88039
319637
410409
366646
288733
18029
286720
350959
270219
30466
388184
75506
97015
42472
308369
361514
172501
402589
428894
66530
374180
144512
313501
31383
234304
260415
266960
408932
260134
219195
357624
340457
16361
301824
219542
321299
443528
290465
83697
251913
305412
395783
375989
112075
413478
27365
240716
206635
128824
377418
158008
161321
241574
6191
355380
74976
41871
303107
248600
225159
184803
26800
392479
220
212492
295223
230076
169180
89058
238692
107217
29302
369823
420527
135872
121993
153473
380075
303074
290645
422459
230771
14099
181012
68621
307077
181609
403607
430380
323889
308752
35851
182071
261340
346358
126700
40203
318211
117183
276239
151502
375444
400670
155118
29069
382637
244551
108754
99947
283526
281403
308120
354135
38081
262497
49010
134632
119306
249522
105487
245135
176254
368605
389810
397963
114335
252789
406662
352407
89052
286915
345982
321709
124043
341500
188887
382661
51659
46420
269408
373920
151148
96060
204189
445337
258028
183674
247895
311824
342003
237853
80561
311352
415854
124666
318732
21480
150570
426700
143129
46646
387248
10123
296226
128938
353907
85103
408307
1401
168615
240821
32277
190885
393470
441891
428386
429719
354494
351673
334401
184663
408065
309731
127605
429132
87924
425579
151139
391576
339155
214403
335721
288315
104236
256463
189282
406915
30062
213083
232069
145781
157504
194786
211499
18414
242558
132153
31501
327432
177121
319008
35037
326455
366868
289934
110984
180373
71196
69677
300726
117091
271720
390449
395388
351735
133672
246815
64704
22492
200279
30098
370108
138568
176791
293095
222585
339772
239858
407079
348631
233497
274145
19535
234548
233586
79594
123152
137626
159631
284708
155095
139530
330783
249537
208111
317767
114781
90329
364196
42244
355391
60961
124892
436572
104046
295648
13215
292847
132775
91164
274213
216946
57935
44181
38135
274853
131940
181147
99511
68039
74715
130938
199854
246959
246441
94851
324319
126099
34941
205297
169841
58453
195771
255030
26710
223098
10791
134967
179427
383760
71679
428174
50571
12385
417038
279859
368129
347022
295165
101081
96639
237481
392209
384803
244205
62648
329051
183869
242918
363314
435580
191169
193942
150635
425041
309080
226626
222899
345492
93866
280788
117803
54401
326659
66375
206458
435495
55996
79936
52619
365274
7863
10552
196004
242216
202686
250216
32837
4914
278099
378714
8189
366189
18845
423837
17055
229174
425684
423144
7274
355207
51923
156423
30097
6176
252756
2344
103344
135020
274214
134515
390110
218628
227886
362418
197498
286490
116480
198042
80326
42665
21891
195017
363547
422766
367145
221060
172681
294988
407752
221580
159409
283507
62140
245877
164183
3716
384214
142497
364930
243258
11280
445241
136870
433010
16414
396611
416660
193367
233982
21417
433730
32373
312043
144134
227009
343599
355062
398980
198252
177973
166787
53995
316420
4951
352693
171025
213646
245168
134209
171305
343842
410664
325802
184388
312077
19658
361884
25715
111151
251649
195409
188731
297370
10467
60831
128210
104670
190449
177983
235203
251204
275438
117009
335617
380242
374350
414858
95150
227415
353838
416486
252745
16359
20323
1555
418768
64026
115335
398944
41227
271474
135777
364767
288621
323041
131249
6504
443531
43172
187496
328891
428302
212115
126300
428104
18022
417374
257549
388179
41298
221592
62963
252340
370052
291074
322237
344049
309241
346125
139514
310590
291093
95137
406292
52830
380490
17797
217103
60795
417548
198171
159439
42392
207404
122931
53994
398851
119139
178246
427637
126081
179610
28866
154336
213839
405053
414075
362351
364019
348915
33969
429252
16190
113909
105718
397183
134243
46829
32354
92780
81891
37057
309234
30416
46104
428550
301925
374908
393749
208155
261707
502
177826
232343
324200
115402
232423
425165
353985
350930
428903
217377
239214
375446
235808
373105
377963
315776
419681
239870
310633
317464
95046
319342
177589
128518
158613
283222
344099
204958
439444
380967
424517
205713
248496
317086
8554
185195
298347
267083
89905
52263
250752
39758
398240
45461
314486
74914
242600
240955
145598
66035
112129
425834
110295
287231
186840
393704
346646
43811
184921
119928
309185
52268
284960
361544
377749
101490
305948
402704
322952
325800
349250
94090
117127
428745
296948
426398
40963
161471
375088
286148
187013
416757
232094
316821
427345
92331
45281
422087
96056
87550
9363
6603
317396
343998
49592
366994
169977
6912
288908
322583
390155
80137
445782
177999
255396
209648
388412
28484
397568
90081
274386
239999
389746
317191
280559
247256
314399
104603
356970
240408
152692
36051
211302
188253
419444
136045
145046
38921
206722
99135
263048
158555
154227
271558
353381
146598
212190
193057
344901
157020
365083
129479
395036
353852
155178
439565
226802
445022
334739
443854
199739
352901
433534
119781
374741
322473
83942
142653
3858
284450
443232
140076
406120
393709
380854
365597
164430
175957
300647
380058
365312
26
135038
129545
310946
405615
63242
18604
203373
308220
145569
224719
299040
276864
410235
426024
71110
16935
300908
290991
22202
1667
113756
219497
13427
225632
28521
25799
328755
33480
118978
58747
64659
160983
428746
214517
312210
215410
351222
16290
351706
292356
433726
362097
322432
339072
360731
439702
92830
423971
130376
104324
144343
407087
135546
212719
330632
198454
42342
311687
29612
258904
284924
204519
24887
70480
170357
374905
194679
104356
184729
323975
361494
35669
8171
64495
288777
408332
172441
438456
138366
312422
148195
246968
397288
406248
108890
48406
376663
348956
225202
211174
26709
305529
124979
406883
436039
296195
6121
322831
33602
328745
411427
368132
99729
398964
178059
219529
53813
142520
254469
295112
6294
345884
365413
155392
207488
340535
282188
322420
435518
391898
131790
47633
265917
236406
179297
387078
186140
68214
379269
234373
375395
422522
393974
408426
12098
417496
20953
294496
344771
160338
33181
215882
277371
129477
113535
135865
252647
60063
51672
313906
124053
409916
386096
341679
163717
29344
32262
88261
320838
57001
260299
8970
263850
110617
79866
20070
323900
294737
118872
315536
116786
416847
401475
306250
58507
208127
337960
73225
203303
275671
104195
65230
407360
396396
284805
193822
222369
290348
354501
221019
427811
66703
397233
29960
140148
273807
206707
442874
190416
220028
432503
297172
262737
351905
404018
28464
260736
142026
356350
15883
423898
345120
405514
354239
392517
438746
336978
228764
298806
372109
348447
224459
305676
59423
136678
190694
68723
380012
139871
342681
145010
328259
300223
68125
127457
130756
25954
50114
188860
376483
10194
246344
56124
241480
166534
376340
192389
59797
106531
335230
142903
375169
304682
311408
263348
425583
267778
381187
144217
80681
239618
104184
79245
324339
262931
429359
123333
393957
24301
167842
130075
366090
144980
123011
154959
191071
237646
181984
291029
14365
126153
47297
288227
216356
38658
14288
224258
358876
246698
335508
437961
322678
147381
391352
56453
349824
93174
188576
129648
301450
249689
176763
369348
295308
365249
283186
187074
298459
408434
245376
396718
77440
27052
152565
238439
429562
351634
424669
174365
300077
51250
283474
104185
443177
210151
437378
172747
210898
13152
129644
184811
260078
371701
56707
391411
103017
308177
119198
224810
385990
152105
215844
285208
4991
179994
67135
49718
247037
65905
115447
93932
196698
169566
408828
352061
42946
69656
246325
283224
179237
422945
341975
314106
153284
336829
12819
351024
268560
196417
121801
357520
432384
286475
13856
125410
141799
320941
47505
104373
122491
168231
202552
136895
157687
286255
294156
250442
150677
87480
423177
411592
157907
5955
169124
241564
384138
158171
115958
376176
320183
39383
64455
15113
65859
336369
436587
206670
368280
398105
14571
107161
181808
68906
25118
222528
128346
53129
283586
245536
152285
108243
264066
160041
411586
206130
244720
15168
442147
305111
211186
376626
274362
432891
5717
147730
190165
377511
80096
254549
396077
244877
18028
369151
18784
95772
287078
300619
9948
438035
25503
178366
355903
260774
134189
34473
395787
46265
101686
218540
340006
144613
22504
103833
445294
231657
183765
334845
187065
147612
97037
14442
28048
182081
329756
97204
85718
152261
301135
326400
436943
321192
336385
10417
165114
34891
309580
76522
263363
81844
340410
319714
312304
55067
330262
345240
333780
42569
347096
444353
132066
61190
441802
176574
326102
5053
425628
129287
152720
406161
138579
162776
376116
356050
195218
310347
235491
168315
420156
365089
81256
156271
61445
400958
72229
173787
184354
436553
331146
233405
269626
258482
254492
184651
58148
340898
266056
383935
376233
85246
226112
187948
118208
147071
55908
192056
281177
190280
271569
339366
229619
345655
48503
415390
431795
184767
316138
39617
415573
76901
267424
101803
394099
370900
22214
351584
82589
81046
58624
383686
368854
397189
86020
254427
186310
338560
160918
430405
48566
132230
379759
15853
218650
199856
82097
18065
443745
257458
301229
166057
415983
203779
318459
206993
78484
117147
119214
245003
344434
265079
127319
347159
161193
80030
338639
344314
336813
438989
392580
155586
284942
59850
201318
85985
14971
165623
35634
215078
43808
432214
16129
232207
375741
22265
164870
61720
50583
362302
385871
141408
413326
58713
189135
26108
300267
12065
13178
218253
340464
332070
395234
101582
310467
163757
303008
374735
370696
322707
435060
204441
205423
49884
400744
304306
60054
347188
2509
339482
41246
44374
198020
108356
322986
201324
37762
222569
319579
281414
294105
437156
171546
117943
119499
409407
385353
436181
196431
306856
97977
196464
264811
347040
150496
277512
112144
82095
182927
225758
354927
368090
437290
284867
439456
284521
393350
67262
293693
28777
348887
110222
55612
41667
157237
332076
347011
309180
18060
409537
382035
321720
110028
424521
322352
238107
122148
321195
89092
114216
242092
157781
125912
273196
133029
132751
284056
336547
47485
413904
174436
250195
424799
171047
185616
411210
401139
328560
38457
67488
411533
111343
47602
143100
205330
127796
307516
149803
267731
238177
154697
362569
248581
5896
122560
283211
358114
121937
305979
79158
354028
377301
428812
130427
363973
123474
376624
439224
214904
103186
214591
15035
246395
315773
220611
136071
233655
194574
278714
122668
307923
77611
214967
266389
162555
292484
148907
29649
333498
77235
409976
350229
185844
364188
255329
376169
4474
392336
182415
25945
345630
323826
145549
87887
350985
358828
186119
13813
99039
141890
407891
369109
356345
428038
102112
365611
349485
362777
64727
358394
252133
25112
270751
367111
345536
37806
166509
205300
368911
162252
272749
377920
289405
419772
326820
185874
123073
400593
253223
340648
341108
363703
61694
408337
206649
313879
117875
368451
139657
128395
31277
44730
312542
76461
381661
351867
411855
350341
327195
73296
153421
202857
438131
146661
375393
141021
175987
59532
78959
242366
336200
83810
310833
346695
21959
392428
186934
233361
325686
372761
166995
316504
222555
134524
94594
83662
12457
284725
92857
430149
171841
350763
357627
93164
120160
378802
342432
137631
193839
160131
134604
195559
322245
130964
288463
402612
318433
118384
369194
45155
95681
200128
425378
204339
132488
91622
15307
143313
55684
355717
416598
394096
171830
364778
274606
406062
264714
308313
67657
317947
7180
69187
72883
273836
48023
255963
339386
366451
293710
412902
193143
397643
156838
191183
378997
337455
189121
287416
113447
247985
34842
331432
315378
196357
157668
66992
231913
60490
116312
209197
70301
195527
281859
214076
62515
133299
194531
252343
122759
394873
399215
20576
125573
96436
9180
361497
234739
111970
141473
411667
224664
369115
308122
189273
256068
165028
428512
309762
250422
13845
139425
58778
187476
192059
33884
294079
348547
15893
45951
95966
364532
19934
375441
201600
51319
398454
259747
428219
358443
230281
232619
337757
291287
172591
125607
418323
144055
43613
437191
411002
138630
422425
355247
325587
52533
312532
8045
184452
392849
299797
367417
117978
358955
430094
241916
382021
136665
369571
214078
344016
351286
97062
185482
297889
79626
163538
54514
385579
107658
278997
5571
130855
346182
350940
50956
414586
198232
41141
218732
135959
92304
39103
380622
295980
320629
323286
21989
151313
332198
110415
215497
321533
348283
352253
285262
17347
262924
113650
29923
65554
35133
1250
117532
75052
26197
105716
115682
362619
144298
99215
364013
397138
272734
275296
216773
34882
158733
211488
32429
159537
445051
176055
256943
348709
52961
294741
235511
305147
368211
283125
305372
122119
33516
276003
411609
95669
296574
10182
342790
87291
379931
121337
218286
298419
134770
349266
114283
75571
95356
208423
41986
197165
61507
200229
134381
276789
343478
62864
378475
69226
428978
284134
156011
68081
183517
245035
384820
181967
353267
170109
285095
392434
138711
440959
33279
172178
246022
263489
408250
236338
428249
117328
375545
109673
227568
240059
353879
161356
34667
26878
211943
20816
428468
365822
364701
372711
271278
223185
427465
20597
179974
376666
101663
329001
288152
149599
121861
321653
276549
40583
239841
22954
58012
392439
172919
316382
12788
228207
237484
144916
42239
321183
185538
145383
380543
112584
414221
379226
208002
375486
63109
269215
214035
317645
351377
184012
60723
103498
385173
97419
217573
151806
312748
57469
69809
132546
220617
87848
441253
348530
78131
201695
254908
263306
316781
153681
196221
209209
420218
164360
143408
259273
220569
27269
119558
9608
343706
15842
232665
116835
394995
162619
373256
429046
35182
425761
325039
142058
396736
379134
203483
168070
83053
220280
192589
89028
33444
408316
152248
33649
25392
400947
86244
90766
50889
134744
260657
404993
3579
71823
163548
122930
136425
66676
391055
434858
340072
60523
74267
11897
24333
208228
46963
145675
414293
246913
21000
437506
334291
324813
24218
314170
234056
170605
18352
443287
70001
374862
168308
104447
271679
199216
167103
341216
388415
227554
55004
167059
397276
56331
140057
186857
331466
190902
331232
286147
269444
84582
57647
127070
339780
26773
386301
405118
412416
81939
97636
184566
369338
226892
168040
324168
75016
315535
199217
84672
227028
116499
417305
142569
232617
56256
73300
270060
192468
243193
12939
279290
403253
150996
127408
152608
264810
429471
264684
103065
368756
440893
117369
120415
337958
238087
431679
373140
171056
336463
276244
185710
250867
380179
211147
20531
264064
324903
193599
303599
311581
286401
311031
94425
177248
116620
263140
163074
361643
251614
402316
168044
440807
64627
120597
65495
434932
42897
91508
38818
216218
255061
149527
254174
62292
214529
215764
184243
212771
61487
63397
186326
358753
119362
97016
406404
194181
89598
362252
43791
48089
171873
391149
274515
319112
389473
56341
208473
384066
290484
302960
314156
49001
430148
254272
18588
183180
349776
32595
313244
237089
120662
63836
154520
222877
373522
374187
13858
406911
359786
223472
427007
279503
253607
378917
236490
396901
168909
109709
384593
146558
384889
296947
62466
155151
433387
185337
198583
121455
311414
215125
186818
421734
180604
223244
27666
425313
205998
412900
358005
179656
254307
258044
203867
206339
424798
253478
299804
236763
211388
240995
419262
408508
394564
427703
41991
231373
383293
179738
190410
268251
224905
143216
16957
272878
10670
289132
158922
254734
322684
99158
152587
210409
149241
172201
135561
315343
403264
136981
210429
286073
120256
53597
93096
369112
109052
85474
179090
42138
165817
113088
380756
409301
195779
41945
5932
279585
189710
389124
257528
333778
207431
129109
95459
198927
332423
310686
412251
292164
191410
414406
305833
62283
63682
350730
399672
290464
166128
366101
130965
206032
288424
46517
308135
10396
110713
201024
217097
109018
209950
44215
360022
409728
260419
383599
398543
65196
85473
261521
156326
437733
369700
293191
343743
90436
24976
322292
273974
277983
120724
309470
216672
325879
86283
498
61187
242732
72775
249124
328526
162933
378976
283054
355254
194933
145943
194572
443576
351044
405392
144472
39837
135273
398232
258546
335264
18427
63681
433161
67497
116017
422740
278536
65407
100689
271455
362877
302524
98669
288676
252966
99991
227466
167124
395617
222282
320037
22508
220472
434905
36719
50043
238742
2934
122621
164913
88091
50492
275352
64267
335799
107779
124832
26076
259881
95177
233593
395303
216562
19666
148799
4937
167638
430568
3203
266832
247388
146219
208129
173098
291212
105834
208810
279325
196346
171683
430334
98448
205044
45823
380785
250617
8868
190915
152355
140792
305440
319530
303266
86598
370150
247370
290888
31698
157593
235
315116
367855
168603
337267
63444
329336
348273
283837
88053
58329
150866
130726
267069
351213
311806
40309
61422
65056
20375
178773
283711
208010
162401
42331
325702
392954
125439
429478
134030
196475
250796
430061
283961
132958
182633
356870
2611
412417
445871
429811
359013
112726
314457
233598
429511
91985
445538
204828
442762
49065
64557
88048
24121
275443
151217
211040
359751
430379
406320
422940
307767
438683
173775
280800
21357
23234
188208
111572
364512
329465
427386
283564
273566
432606
287676
106811
19063
308399
120399
317765
279643
318705
15302
109105
180261
376208
360569
402634
290403
284426
189761
202410
236659
303315
64746
131294
314376
215064
305116
245394
252049
253871
42557
443542
29157
270517
15993
283748
282604
401075
247788
204681
61955
319270
309902
315520
96593
12040
288501
394775
442919
51925
437924
248084
355070
185895
177474
234460
345706
308152
394521
401332
42082
318323
258534
431710
49594
202132
387964
355806
222047
51350
74908
290823
33357
438005
266618
33102
32486
370963
185417
299548
360038
429921
218863
50210
310018
127147
241675
161557
427830
285966
13113
219912
174513
152090
113220
212576
66464
11907
92749
405437
5981
257733
397217
9767
181704
160833
295232
380923
34214
319992
160999
2576
172961
425184
126885
413173
172492
251742
117497
281959
5510
249153
169842
422385
81583
429477
216461
310663
76349
240310
196396
67400
77290
339901
318971
406806
87781
161411
410955
441983
432905
190772
334550
400608
355847
413280
279635
85427
36080
52618
1342
122051
282468
6253
154651
137128
144873
15868
321274
272488
20624
186152
418131
348102
95922
420592
134213
287944
333453
215726
192080
88285
127946
441030
429760
99364
133595
344920
376283
427326
319431
429401
232135
61691
209267
102850
236901
441348
105756
389346
258729
426733
101084
295709
341280
22824
61330
60537
259322
198717
234776
186564
380147
170761
103643
38116
55590
69697
437558
65146
189756
168202
361236
323806
8717
139832
432949
134712
220271
41742
223994
248873
39646
256889
336353
416394
248226
255306
40267
398983
397322
281772
243765
176885
132752
201625
222359
221932
157292
262001
315753
83779
188016
315619
416821
312866
150597
432878
184594
293085
154169
142563
280840
295021
365707
24280
113441
296208
273607
177476
69598
117330
210683
327660
130099
173198
82646
292472
245353
60816
25586
32038
251922
9896
260817
160560
34382
308837
171024
296077
359356
406125
427917
256277
345106
220459
167419
182074
14047
3794
203678
163093
134543
313857
145905
202409
319090
417503
336662
387906
226811
149506
199773
228425
122046
248260
130830
175142
81099
153411
134441
240922
187643
263335
158097
413133
345191
355632
281425
280090
73814
305011
419752
189988
237819
205037
176477
287375
368577
19700
24323
139812
296117
186657
302235
263989
258146
276802
164601
363872
414471
304174
228234
243662
186381
288678
88104
317978
129997
100263
124384
353398
84360
56446
34115
446127
306536
140480
134858
237146
332088
250565
278013
325972
8371
93726
215690
35055
181786
96936
305439
401961
417454
358514
180399
159805
225330
372718
140624
316595
309505
9765
346566
389209
392701
1421
305447
188876
396676
415001
359318
413962
303431
322736
276376
17530
354393
196307
261951
420036
436823
392926
201692
55838
159507
239803
30791
379889
12535
104189
113453
199762
242440
39025
114795
275384
104653
252687
333727
394145
149978
125922
341612
330238
91769
396114
319471
256702
128245
344126
211136
34546
181043
191438
338153
233110
36806
20354
124372
3481
115527
194897
435281
288073
412566
215453
377593
16199
264756
417115
181754
56550
388551
176013
148141
234612
314358
359733
128685
229889
407435
16790
201602
332820
170078
162278
361358
87210
361397
443305
371695
104930
183813
395424
62397
40171
277825
200295
50291
328552
251542
88266
355046
378787
239808
64999
255312
438407
160218
104915
81189
322792
123870
318447
303439
109651
255598
74017
86949
4101
340052
370054
126212
93861
246580
242380
74892
270630
74913
325031
355143
417514
322647
24564
360276
4952
270262
56837
388093
434919
221774
236863
2822
427633
9442
189999
223804
288058
309942
142821
439066
294475
290370
326471
387061
248378
223958
91848
133147
225879
200762
388595
119953
33862
322109
182505
195326
335059
401351
261345
380566
2123
19712
374240
108645
157666
231854
13926
157959
183173
34067
385548
431204
247921
400433
51293
309845
104094
356227
334910
185406
313563
277017
296456
363417
426084
35243
307463
55016
70613
366109
364243
185254
344911
225436
115929
88497
60731
336776
364395
153906
396492
405963
390849
7487
205561
279844
265505
274390
356638
379357
122253
146837
151153
130268
79612
424846
314057
175136
129322
392176
426848
441505
108616
316350
418765
311319
11536
321966
364700
8779
385466
48738
237714
379395
114416
271323
84694
198998
282541
237872
299824
373595
159443
159031
197015
374356
366635
302748
381371
153255
49150
199730
202054
122137
335210
6071
427114
386646
87292
297500
7149
392733
41807
222335
414824
219626
92540
225359
214034
400076
19202
9565
317335
15933
319615
438439
200604
21803
307137
145742
247772
184488
103511
206296
398427
253569
386754
112004
16997
100179
353143
125204
160791
186430
266826
295611
384984
54173
373681
212185
158849
23115
177511
309054
138017
67246
273500
70333
235913
198747
440024
331828
257201
60572
52415
219404
91339
132404
320381
233476
219744
185668
142065
266082
26181
85523
157238
249645
232823
37264
207811
50739
1230
427063
126997
108161
327963
149834
390548
269253
206198
442131
284918
252742
263652
362887
370940
295878
247694
365024
82915
436683
327828
118944
183223
376147
32504
226294
361848
315053
204652
220639
59818
160932
169097
235386
342673
358095
349037
243736
335569
319663
52655
75936
360725
41562
331595
270015
330959
25297
197358
221392
33732
325427
296966
281729
217394
176976
219702
76866
27968
81116
91173
425060
81980
288869
412851
379857
418512
187301
333868
376812
118538
172984
314723
178739
408187
73135
33922
286242
26670
395797
114681
298895
177558
5701
127537
231721
264537
168621
192598
239875
344841
192887
74555
375371
169051
9945
238965
368067
101388
233013
444442
383878
164807
344880
102619
84853
36996
427532
300439
117549
12814
316816
393137
216908
65772
366058
104594
206123
375374
368121
113744
315943
44594
364083
429687
314108
434785
108453
361713
284163
443690
327533
332487
391458
246027
297697
283673
215847
37915
108790
256972
190025
312413
443711
381934
166354
37578
213531
351110
321302
196235
394264
160675
374803
121744
146094
245655
162982
357124
44198
422260
119109
419361
282373
249027
289799
80094
419411
178090
342346
84889
194021
334031
331449
253140
40613
445089
168218
381429
282250
121691
51307
48537
290914
120307
313246
72227
338649
412730
87659
398007
58275
138510
47796
220554
371008
46926
71081
175619
41456
142021
322142
140460
444389
289091
414052
26449
312165
353901
133326
200709
293808
369198
161794
85292
5190
291656
108236
394720
66631
83183
216962
78128
2625
151109
186328
193891
337349
445910
339543
369311
220714
126575
77729
308095
183095
214603
364952
215228
177322
265808
294125
127625
119601
35979
343615
375255
357424
311226
89448
228738
210197
216456
276455
200926
260801
140367
75938
195863
259549
234126
203154
59726
156413
408044
255330
293738
336649
120420
372166
113510
411188
429169
162518
217890
356596
270555
8156
408234
216145
23442
4354
17707
47722
71366
340023
82375
313123
391254
100157
381173
405525
340224
29175
125848
192424
299253
127218
191793
88743
315403
367397
427509
410900
65695
17800
416173
164594
48163
321061
422134
239066
77070
173838
444003
415684
300683
90720
271811
31036
270629
157344
439219
180696
227763
235082
405369
254933
434346
140259
51226
30003
166519
273716
119757
121270
384807
360844
52259
134113
50147
146815
179183
410589
259045
267591
173079
71949
43591
18858
244960
318063
265170
214269
222400
413165
385577
272520
61010
103040
197716
171052
219824
286633
380648
384589
29919
395278
45522
196188
251254
171155
210328
130707
47806
288970
121854
5944
183139
158543
250673
302725
45469
101401
54136
299087
419874
399755
144136
62147
115223
257593
332119
373382
309089
377473
87933
130063
16173
176147
261462
109762
33017
343676
256957
87401
239781
58821
213847
191968
393297
418838
96575
156709
112070
379270
151942
261207
150606
137362
49628
77656
76476
37922
424499
350382
72065
301581
163940
394477
11029
156361
230826
390387
149754
289583
30670
87691
438393
421526
364458
317109
344456
237049
293361
167726
318448
221008
441826
430045
263768
174514
69659
445395
387023
256215
99472
158307
64417
22950
387736
402828
367857
3741
108891
412338
262475
77040
414953
298739
92267
410872
141948
90523
441650
207922
274521
270889
150708
210297
7890
16730
237469
42292
415970
382656
17451
170997
289899
317891
159686
214633
123837
360492
54376
155619
242897
308913
155350
98686
226438
97222
387412
328692
316640
171014
227661
162147
744
315859
273353
135889
59755
444092
221133
404300
440161
197856
236150
302572
159248
164008
145525
280779
413319
189367
95725
144068
311099
291836
635
373578
221681
314775
355957
273130
217119
80988
375992
311145
70914
104343
363606
22967
325498
247084
208915
104967
258407
187735
267854
365513
393189
394126
377078
63679
151660
295873
213486
43238
103406
380654
336366
237517
102871
291302
275215
198239
356850
312142
17999
81472
205695
393165
140655
439412
340581
61266
426128
425546
193184
142513
385123
201702
124254
356716
198821
142849
362813
221752
264893
283143
160703
298550
49021
120617
202327
382987
407296
315624
4666
188289
130106
42544
176056
174512
234521
227408
38129
323076
370705
27191
300094
435375
127730
391606
98040
359667
212775
178126
53008
437751
225031
23259
359248
381413
262057
163247
384696
137062
228963
410468
413210
247086
44053
322954
160938
120874
442984
50266
157512
428064
190721
74901
421477
386310
109602
277450
312873
19943
79925
66634
282253
320761
155106
125515
413804
383002
63557
388256
389556
356376
104492
133188
417112
429047
399114
311573
53123
331809
37938
444692
308826
185039
213056
225891
104316
357428
427865
79059
33800
76475
120353
92324
175935
328677
214016
98382
289134
440423
26358
225215
32297
327717
341525
359927
206139
395567
326565
226718
227418
106545
73922
329723
139249
283018
198229
288434
114933
58981
415777
222771
183948
426314
269722
379640
5156
416132
419724
266241
310542
230514
219805
67370
318405
194637
441917
70632
139009
426486
375206
379276
103719
22442
304562
383142
128655
24641
262171
139736
311791
384048
435153
126529
298651
204387
193067
413317
354229
324101
241537
377960
116706
315882
162892
187743
54769
344735
3313
126682
184872
141780
101678
431625
360784
88126
289948
296039
367193
281639
48013
187547
142177
407433
181652
429978
430289
236939
433511
230242
322887
327459
183299
360473
281476
93376
52945
274548
277067
192173
10373
221174
149170
222083
208375
427770
321833
168948
19441
394891
254546
197007
141078
387413
246261
202452
345461
417412
249712
66302
421202
290322
265892
65366
355819
43170
352358
110904
79408
278976
397533
296988
253699
383436
443906
376957
217844
131155
166847
18128
160585
205422
132315
68569
129859
316666
259623
383314
234139
24277
360734
192409
196629
54586
253266
367019
341017
276753
186453
156365
347465
379998
401179
155861
380930
349923
413402
43039
438107
339553
437727
417923
85593
189787
291019
392312
375307
88279
176169
233432
275804
299947
54568
397935
190588
325512
432139
395735
315410
236743
74556
292940
54863
184392
428716
9269
166946
338356
15048
67518
170418
256607
371019
32911
154102
309084
343265
212510
150554
406507
184685
380035
29410
394535
140024
228902
82403
236870
318531
74680
337845
179167
390396
300601
154617
261604
9998
333752
118822
419819
23467
175394
287548
391630
351511
297333
382236
268520
369116
225691
75085
430515
354779
69714
375320
355765
30814
269428
64389
99203
14096
428305
411185
230099
58719
140912
233706
7860
257845
92205
165238
79796
433884
282526
135248
227192
435068
437719
184645
106371
133300
112100
138155
297206
138261
40417
86134
230916
113405
139183
367108
146466
380370
89531
82410
106216
411941
403083
327013
345759
402939
145276
273400
278899
49275
162204
212170
56225
396846
238984
140967
163631
422965
32444
262161
71320
114582
425030
323095
143605
89434
43683
23377
6013
298119
314105
235715
4654
284735
161273
180995
130859
16458
340551
302381
280864
102129
303373
193741
203835
165953
61547
27530
30491
112861
345347
440923
322617
265679
215012
127898
380451
108065
206805
399170
159067
354040
280855
397645
438339
409170
281528
270594
364251
418532
324133
281923
294848
342654
138832
286794
53784
301204
441380
146142
306234
38314
249683
224986
161750
141352
119469
204159
240089
112764
306620
358084
363052
160715
202104
17854
428529
247524
94678
301266
240651
208294
409236
197438
322357
272315
443934
300704
145121
105678
123519
238133
210757
30485
161084
137749
286967
76837
186652
268027
388566
278637
220773
173139
36082
334119
219329
24582
215607
181383
285767
347814
178811
275874
332496
95942
111061
82268
205980
111206
181574
164151
409693
20963
362912
95617
119356
145239
198806
40225
290181
283225
96806
308757
70059
57494
240849
402387
118162
367993
398563
202028
33528
179557
380442
403581
341771
168236
236760
12318
137196
342284
285618
131869
231029
172325
180466
439647
162905
8866
355777
380731
238261
372301
144400
172150
322275
336212
433727
279666
208244
67156
104119
80904
158388
82951
147345
234327
149954
318814
403946
160777
1375
80006
85168
406648
167352
348595
76472
367646
434888
98957
205787
397684
348071
419468
389516
82712
208382
297116
415243
50988
8609
115120
267089
41682
259861
404708
285538
30904
438809
53818
176728
129892
274621
62323
337346
246840
235744
292333
97824
310243
327418
438429
132188
270957
348119
33684
264848
421634
389170
36606
437486
197459
376758
106182
90054
268208
198534
143307
103907
148119
262642
148316
92803
417793
88911
304248
377422
274647
150932
46636
318832
259277
337208
16880
370983
322249
247603
278074
207674
184711
22281
185063
20164
163557
273777
1459
297610
313362
330217
37368
115884
226988
289198
74832
306497
230748
124560
129158
73607
406434
399429
234862
239306
379965
443224
353161
426898
337222
201935
111440
86329
225939
164895
232760
320424
259847
219653
98718
266824
14110
166997
151642
440542
37055
27733
258792
143573
49048
126795
243792
183063
174217
1701
435643
354372
141906
428084
327553
22956
339513
164063
75450
249521
187918
359323
1807
178854
302245
332405
8992
235820
276659
346796
177325
18515
397924
204603
242491
298674
93926
244921
408331
254872
106281
410282
122671
60630
181410
291945
389279
425250
42795
18573
80556
277144
94068
145157
262703
30018
269143
346348
58284
289357
359193
5125
293315
388648
214740
230980
194177
419322
372641
238729
181811
267976
128917
299506
251236
315824
33897
115202
203192
51889
280899
341585
324060
50304
149675
106187
124262
143631
178043
199336
95369
29546
342994
233161
296455
445848
93909
307159
117712
413814
5055
260766
347274
55251
339300
313709
293892
140439
389988
8861
321569
58945
258752
316272
152938
290723
241923
251367
230075
251611
203246
64245
363829
388100
304265
315184
118903
438353
147862
21985
34674
342587
305353
349219
417636
86051
377244
217386
390061
240480
20379
295412
273322
13072
28679
392591
141571
367963
193315
56764
156474
289746
431670
222293
306022
105529
353937
290351
107208
324818
58426
189593
213565
226634
9814
324714
150353
13344
371960
132502
276677
202127
353756
34020
242538
441684
83446
409396
399368
353160
62966
5047
27488
368052
445127
160381
59552
215791
190421
254236
307926
276681
318766
343367
285445
108816
345581
345678
384405
20881
426809
85410
98318
208362
160284
20825
132952
230856
149272
295018
166637
366844
36463
173318
10912
427165
199932
66423
267037
310827
394918
260724
238472
387517
154334
378701
187066
65181
429212
188889
217799
269646
395314
202547
102687
282264
306746
238127
258980
269250
7128
338332
207940
129852
957
166213
54911
244971
304048
348191
347734
77846
37291
213989
92204
247669
193984
259437
92775
47683
161634
329725
420750
54642
100760
221573
290063
190097
180100
256709
443954
437536
93176
23714
347635
203981
182828
351893
54101
59631
399187
96829
198296
121913
52508
141492
184567
286907
112704
342487
67556
162581
381093
304560
101641
357031
122110
329032
410969
180675
173362
401215
312886
287429
380933
102630
70838
120017
114634
155885
188038
287589
136500
133433
307852
127493
287781
378816
81124
324451
404282
138467
21425
220645
11595
368530
323053
34803
421700
305080
88369
345550
222861
353329
415743
347247
49073
297835
67270
80608
7999
405374
289141
309769
119768
107255
21465
47946
354068
204602
324922
412862
365842
55170
320766
189314
938
393313
439031
55019
269683
23545
441221
308144
161243
422110
431958
139404
4377
353609
99576
66380
240666
310918
35505
135965
44081
246701
88215
95397
399656
270271
207684
253127
219490
144081
132222
146481
36631
162163
20937
274303
386327
47364
121706
153931
121169
229441
288394
287632
162871
133342
220902
252252
35809
73269
147243
161392
191692
379740
242953
156407
9904
47732
139782
90869
41393
425181
374178
309374
95514
128852
301165
85285
135844
198246
226196
405552
346402
70640
372287
405708
431693
111832
357876
100543
254580
72531
275953
69529
2350
55121
342618
428170
380295
22774
165613
413581
17869
84790
320156
33205
22990
215037
298938
203929
5610
40587
356480
12565
309437
258717
76816
132251
434160
296083
311133
167360
135510
55694
424133
167444
353114
283888
347702
37460
120403
434404
269254
123767
327943
13002
442493
351217
428445
29920
312847
377697
370635
441005
258720
275886
236050
64775
418973
127465
364034
5176
106601
367779
184277
88295
196362
191876
388778
211422
116519
107774
90624
150653
280372
39148
242131
67513
136210
381184
391510
423245
162640
427657
262913
127665
393265
378452
179687
377124
289120
255368
285901
14772
53961
440896
316439
224214
414936
360977
248011
123451
40722
387370
219890
202543
432411
292653
55321
371849
355083
7018
32119
270456
134291
107408
354049
431702
262679
222910
331477
176887
414253
419612
124890
155071
332422
393117
80076
117717
1659
326841
240275
403303
46713
220727
394061
378737
344091
418043
13859
324480
245598
397919
170395
367068
319165
37897
253459
80541
174520
21436
206630
94616
55632
178499
105292
250112
124764
275028
436494
284582
275052
243602
222248
444513
333996
91993
232453
184050
52886
227984
318714
166149
420502
411195
298515
255928
99930
345764
437147
20699
252909
334928
40737
43631
292522
141070
154135
267039
145965
166542
163255
171611
116284
285450
143024
221004
325187
440434
12343
308236
165762
183163
412014
188339
25823
135863
417509
288439
149141
380767
395286
278800
175410
307741
350074
18122
208808
444187
424722
269152
50832
369681
73928
281500
346847
436974
444009
367461
61918
244676
71228
110063
217614
343039
94670
67988
261429
151807
230317
389644
244256
322297
308182
153406
100233
365499
208134
207306
166635
85343
264839
270787
77773
252035
68816
302100
233099
50821
383696
437270
148035
45038
366485
169234
101414
321622
153732
9507
188340
389755
21675
145593
31827
236706
446325
54266
295769
305413
313352
261801
286522
156866
114930
306274
311978
145793
61058
163619
73048
63611
400612
26123
402891
84697
398068
386340
314850
422714
189927
356117
28697
247922
318002
383468
37929
293845
443792
400468
290749
330532
407020
302067
275144
248121
429664
424569
382931
113439
14707
55620
274945
136459
388563
79567
116974
96161
359555
71424
22655
154916
164700
237737
268934
166270
266337
431700
427541
4923
428946
243748
239123
288496
360567
121133
72416
381895
256622
27280
105543
92629
30808
317651
303154
391610
214679
349278
17837
44404
403268
253620
200040
91135
432897
403857
355328
344121
176928
159123
201534
135409
346691
351683
402817
381872
367083
421789
110529
191986
248628
148906
112080
1323
349151
220225
262664
120286
258845
238360
246166
445226
34246
360378
77887
228524
442274
102723
439289
213245
269137
394571
297049
135401
113413
372461
346330
202953
112926
343688
160511
56234
101330
104018
371901
85938
318324
176103
317522
224041
391883
29166
421364
327390
68319
204911
296434
391447
260042
214676
150208
360401
413789
280378
437288
3366
221469
381990
13848
338495
162577
264454
314949
296579
44390
218213
66800
435960
112799
99713
378771
219615
106555
142338
80569
98267
395076
181153
51288
275637
228671
376718
278881
193944
432136
196665
211611
159765
398029
30245
304552
314726
377809
65623
150113
156812
102574
223344
265463
165588
242541
194391
187245
40011
75895
169492
259640
321076
78395
311698
15597
341925
418389
59965
95376
345255
436404
115201
285623
166077
106452
151834
236495
431109
44332
89218
440622
138020
266316
377299
147311
358803
15079
190335
201494
308108
4218
69248
400948
3813
422941
225336
324495
348222
24188
108922
88792
293551
128541
48152
335076
339113
105601
221624
103349
169228
149637
114024
446139
210090
109313
442770
282343
43779
144535
203040
83237
229318
161058
49140
131314
4845
163119
223152
23147
217897
225942
363965
336559
397402
382737
35985
295392
136490
65017
110643
168475
175723
395892
318270
163747
234592
177526
411678
210649
5773
441587
44719
326557
439803
248196
50058
341366
75566
61148
333000
62477
141136
70045
318802
54029
191944
139826
34809
373477
66315
242325
144967
301888
300314
155075
2698
382728
331501
430358
351919
142710
215284
24816
120362
243171
40969
113248
136323
440104
432793
49421
179079
56153
82796
425986
78947
338812
367367
222261
265636
188641
127989
21038
429669
12414
258354
92948
70736
47082
156372
216811
27045
283219
145029
101159
362466
258077
161822
9039
378830
266179
64908
168362
116803
354609
245731
147308
159733
357643
113357
78604
45413
253907
199582
350041
60167
406108
43792
412021
57685
119233
17903
406677
8668
161684
225442
67706
296095
214687
136193
443422
100891
135824
61414
278141
41153
122286
104792
400216
84300
92313
189950
245656
80551
242936
218645
165648
206674
38556
387716
265996
419802
85705
331138
127
290404
201995
75573
376857
426410
390880
130304
236637
331345
345067
310727
157121
74086
201929
159663
325094
71983
365478
153733
373439
74152
117839
211426
233158
97385
342049
16931
184269
301380
217140
135389
209859
403628
38418
157756
401235
3355
235484
298969
326746
36686
92088
436042
48902
109920
399809
156492
145077
161738
237798
150636
342610
194892
401073
412650
433057
159424
386131
134772
184404
332270
424465
28495
383553
173102
407851
95445
13872
145603
100243
433915
405343
166324
278693
68267
27693
431491
247463
212976
124926
312096
238921
424127
215667
145516
129932
101922
404796
173418
248709
167440
236475
294277
96277
171182
216506
172172
294245
55891
254294
436921
349222
170343
189850
7859
340276
206393
437154
336408
346319
216968
29905
210223
305065
432108
272918
284334
185242
441357
256603
254380
43300
349040
442806
439368
396641
175545
338631
111036
357591
382502
213661
347792
206841
109832
65566
385050
416446
425444
120249
184251
446049
40709
119884
365245
166547
197463
47034
95793
341479
134486
102431
405539
78916
215995
336291
170760
186074
152304
327506
326309
349993
445951
84413
151233
231233
318195
96990
317795
38528
17606
338719
445279
129033
111133
396318
18978
173226
6393
219749
219876
17488
245591
82210
76985
38665
329997
317668
240916
235866
55737
4141
167353
266164
408647
95730
178276
186522
271345
56664
365040
103108
395127
440802
30419
245174
85986
378903
51435
210081
404829
131373
51409
121472
249176
59381
27876
76597
330120
445004
33045
267423
184234
61924
196453
278826
264019
17031
422066
41655
253683
363243
39099
263983
306369
69204
10645
118092
335444
357189
42539
141848
299089
255012
171379
46667
441649
290353
388709
96442
407320
122732
388695
357750
220500
358652
410359
24566
195414
222939
172793
436339
116860
119672
432460
270801
262828
438855
279259
280436
119920
75907
73046
228473
182625
123592
23389
355930
266952
175654
280912
162708
178705
86300
384623
351806
83790
174001
398640
103923
168312
221086
261290
4278
33381
245113
204284
202563
122880
240708
419720
149602
320931
425452
353527
163473
56173
219628
374041
443346
116565
333215
194332
140681
81658
49871
133258
3298
24058
112240
203253
379954
10876
270140
293433
35413
131446
283028
266645
39280
73951
171039
398701
431988
344652
149641
230663
435750
15152
421954
346667
98212
18788
212411
276689
105681
322589
341932
287735
153375
423779
334423
156633
127744
130298
284860
123747
191111
64947
78094
127101
16234
57849
437802
38317
2390
328785
238728
264242
382164
400833
109755
163671
250266
374917
98233
73189
46278
369172
73185
376002
379561
268123
63361
29301
5891
88352
407788
378605
65908
314517
197731
273676
292456
225160
102372
358975
120563
189971
300057
360781
335419
186149
219061
244303
18944
297702
317881
91270
17424
164819
248434
71452
392765
82193
139223
194409
42576
216442
91400
14106
50358
162031
189117
170777
123836
442923
168564
427535
53146
221348
89792
439706
209469
413582
381801
416965
48240
222956
110555
280595
404281
220898
135613
46198
268207
280965
257495
375823
404731
175077
82758
433823
400824
405271
298637
19332
6247
202874
375893
437280
216451
242247
325503
281292
84338
84476
314436
179197
149281
445865
31671
151415
405133
68677
154571
36163
352653
343724
317536
409096
132340
239609
399700
214211
93405
340624
87637
426037
338596
317943
336904
79576
267821
407558
144126
440094
364377
298575
220061
390458
99872
216769
364606
169122
406426
166151
255640
182819
201046
189067
275060
30517
201470
54637
66552
346150
310554
134068
188638
375282
363602
352691
335887
442022
342637
201070
442538
212726
199978
291864
370745
300855
196204
271447
129599
323302
42182
109757
445172
21890
277448
31372
248319
177394
133495
107123
189645
390783
91577
153798
371780
240103
297819
47077
122164
341388
47536
227190
153567
219732
282114
173232
404533
427347
373832
263268
324618
29195
262680
140479
217289
351334
157641
60814
190448
260414
349391
76757
85687
29444
270059
274899
357381
284855
89539
315688
85438
22065
135639
134807
423860
352957
281028
420698
323787
235817
77589
242997
100347
341988
135229
7929
372825
247767
150280
228088
226787
342398
262107
58964
31652
378515
342890
325088
120206
157880
446140
127659
441488
170854
25731
131344
210093
308383
100206
359321
166669
407230
399714
399266
280225
104704
65973
312858
363682
7293
128107
114166
346375
64462
330822
159269
218409
425755
373262
380823
242780
133354
124456
221085
343721
118466
305297
55362
116719
137005
17537
223739
289717
143991
409204
157052
405469
46367
174621
176802
279080
305606
26874
95304
31205
177043
53181
14441
110479
296269
155309
353816
444516
86703
195792
309431
306940
315581
424658
188380
217056
364148
428028
33696
168402
390467
250719
81803
149177
91429
301785
309810
311001
335540
31984
239566
373329
214302
180355
215865
339609
285221
272477
34639
103131
284666
46293
25433
145817
314529
101285
242509
154005
270357
260426
252945
45590
393599
74641
428113
168869
282408
42120
310486
383020
365251
118324
405061
200990
341573
420506
81471
288126
60990
412571
249661
253016
442071
320785
408577
63181
136902
27033
379665
176196
239610
317269
100023
267852
84012
175202
45232
443939
334912
20544
85187
179548
229595
92184
110837
245929
341401
315022
81835
189563
8317
81370
132760
434903
201581
278419
336211
69795
393854
33797
323768
16554
15346
53045
65982
17342
228716
238227
50414
9525
43671
119823
37180
436570
268908
77661
110684
359708
404008
406411
63527
183008
244292
32959
214681
184416
235824
393298
336407
428750
331156
301821
20472
217500
366550
167575
267365
55239
435746
344876
432343
95242
231934
114891
396542
301680
37805
248940
319488
194464
418864
185184
312362
184062
402803
196817
180263
211346
132193
305165
223542
13193
320877
413096
270597
116958
75968
401111
404813
111180
92965
8498
337701
443793
318037
176561
58616
150408
389632
340702
353464
270
108209
388542
25166
283107
3678
392051
18011
431389
174528
254714
185852
151103
234551
432656
183393
200130
260516
422326
35019
24761
190437
274429
266370
389655
230241
405318
441647
8852
170722
193911
27818
393965
257579
147064
186562
98646
399137
201112
104977
326823
384944
226872
31208
376113
156980
91419
233369
112601
351983
223482
49060
30349
212625
44612
219414
159755
329613
279399
345534
202668
394885
302769
435772
433485
141633
167234
255467
159766
315598
362420
32636
58114
19011
131181
255456
173781
232577
228955
177190
433988
190599
311497
68797
82837
170856
307232
349331
112624
241522
275336
44074
377355
441168
213357
410488
103679
195141
408452
100707
126786
92945
318029
389646
79394
93921
210713
86545
275363
50252
418820
241244
426641
96565
88293
361224
420252
39884
278283
387752
423021
326301
116715
20366
27926
418677
423439
240094
146972
182043
337593
419081
152177
83531
98206
67011
4813
122733
306264
243562
394947
102040
51561
90124
300757
239908
302796
441950
28587
388072
380518
387907
144380
35318
374220
418176
209611
313818
236173
192111
211102
159022
46168
62959
135701
380441
39649
9596
440152
47009
371116
71638
236941
268649
1866
225418
260598
358429
45226
45799
127314
312951
285770
100521
282610
352852
9023
358637
307735
398297
256887
54852
198407
345695
322167
311500
267867
186636
247834
430122
165663
309298
111188
326243
434083
394188
176349
125831
254662
8634
286160
90567
385590
93643
362018
139036
432664
416671
179352
317003
154882
289176
102862
140455
410181
413668
434543
416783
320703
26111
52974
115864
90156
341143
156796
82381
264900
152489
254113
180590
38189
287209
214870
227662
79716
332919
43943
16741
223454
125313
103072
238102
87940
445772
109583
58187
250630
276354
45560
188351
375740
104696
279058
333636
307195
274737
320313
36065
396357
375073
183524
114381
31867
64007
342435
336701
297638
237109
257494
11891
72556
630
339370
346258
335266
299928
281668
335692
636
291147
107493
42859
99345
360695
282677
186331
392961
441148
76525
16070
185643
417388
442604
128636
251741
199928
396147
277426
59402
82277
356827
422603
412508
86458
305052
164622
418273
248338
396657
195738
297075
224010
269066
444453
369863
247828
31982
404428
155342
311771
247216
40735
208493
74535
238539
220996
91909
14849
402219
129317
357968
105062
15633
52587
324888
90975
230967
373054
118314
336645
3781
382555
308448
98547
78909
346649
242881
288720
196906
432075
314963
35271
231210
428656
45136
322781
137885
235426
169974
254205
185109
245605
267265
263805
249108
308333
204489
266002
371579
293303
38731
245907
369431
148980
261268
32308
313702
424546
47029
61585
19693
154977
46402
414077
197489
135643
251446
413471
158019
147306
324595
139656
210826
145465
316646
122791
435259
316103
246524
394886
220338
321584
161569
331384
254799
321025
265109
332567
46060
38247
416204
287411
79239
372562
55333
275403
323916
314930
77316
428510
28261
32435
111314
206286
330011
56360
427736
446309
34073
337325
192439
401877
199850
130320
256830
289789
11678
222202
219072
230288
101965
431167
173327
161759
292199
430866
435093
162396
8123
3916
413445
69410
438016
252603
116123
165951
226409
255906
127960
179722
170217
309807
111931
231741
401369
116676
110634
17628
310689
164958
395963
268388
90933
122165
258957
379711
401637
343318
307297
347672
278575
421502
110987
379443
174995
146655
423616
379786
22031
260115
446295
295381
150505
428359
423541
313029
105234
121117
52223
423451
143648
115805
43592
382790
130772
46147
8558
301834
287958
72145
402546
402523
66621
14767
19753
119110
336930
168185
423474
33187
167659
38606
283433
359315
214892
199632
245758
153486
201198
157719
326641
211044
30027
419990
211382
289218
211664
254552
148784
348676
95006
45678
281479
292446
156744
351526
399957
8505
207047
90840
200077
165729
225208
162951
234307
13122
370759
39547
383024
35527
107935
210123
67268
245470
236375
56480
356002
134639
435015
342932
433890
234303
342846
381148
234485
70383
131630
292066
235114
445755
171821
213931
409572
175128
342407
412954
370361
262586
300822
238249
22384
175567
310601
277078
178158
93394
354639
4616
292572
36787
247454
62129
259892
81162
316614
82405
72008
90155
423574
270984
354297
75149
64924
188555
75247
21220
157206
209259
315935
257679
384861
373200
135189
180628
30352
411695
148411
296392
282645
145945
29710
215200
253575
338531
319602
170953
345959
432170
72189
346486
288244
154118
329277
301709
325484
62029
22095
340887
280071
300914
242768
229800
155623
359536
298524
406775
411327
130335
359454
362421
396568
390289
193458
320932
343021
239339
337920
245924
307193
439599
102326
133534
16855
199943
52408
350058
444292
250364
331213
66884
207201
340993
23282
248787
433267
257071
63890
166876
305807
420037
354392
278738
376139
245589
247072
305361
136134
396858
142538
109800
25180
21799
190498
156131
442710
318210
199614
390427
423418
185693
313105
89560
370089
365668
114548
103143
188220
15126
333345
191014
26220
441618
167536
357633
44941
327758
86395
141849
216658
140824
345826
236418
82851
355911
47689
113411
90960
128343
300422
179787
168558
29395
291911
67392
290375
360679
262484
227887
279987
83310
14574
306231
285607
145884
148008
38860
325020
369158
334493
189182
169118
289787
176540
4215
316541
297149
373198
300051
409004
127821
32193
419644
165276
71959
112007
216067
203978
430121
248094
423486
383104
136492
346518
328630
71006
108862
124659
3023
374433
268530
437532
422900
34103
96210
337703
278931
89661
79092
438118
325538
74385
105025
387402
260276
119431
211996
115603
179223
237890
155155
103663
174948
3645
434096
215311
30994
161827
43247
254253
245688
120937
159824
444593
434961
330576
350960
187788
362641
116268
265257
184580
108030
413712
378483
302504
408200
340621
334930
322238
261618
195053
74209
329265
398155
356651
200480
423261
182833
386101
375887
39140
8853
88291
79723
202265
137353
345144
212622
291905
115615
82777
206723
16704
148860
333002
343978
359123
418939
251941
229159
323060
350512
68747
187120
77537
65779
235404
198004
88163
364542
88350
126287
160618
163377
381378
22601
142560
81770
191222
288729
347753
297109
99534
403941
126569
125952
100497
29139
415186
285925
268243
437990
163994
406833
93959
202876
211031
208904
118982
175386
54270
412408
295024
118414
128079
190419
419098
89939
374150
385627
168237
154329
344493
311643
85672
373183
197427
336372
189294
310469
445258
74632
277266
303835
51474
119813
415127
239361
309890
411966
127760
150491
243304
236721
102586
126898
234296
27137
287738
352445
81215
411401
279523
390439
326972
154526
174654
134757
81780
259638
39575
306771
409167
82458
166795
287273
295642
61438
85249
425182
291747
195186
269961
318603
388730
150843
241187
215215
356199
411163
258129
339040
320345
76451
313245
154658
6474
238283
344271
310442
439080
33167
30827
90551
365397
135199
249044
227561
370713
260469
279316
45499
306649
199400
176141
309685
348527
325424
97896
177930
140416
54086
403370
326555
158302
30209
147527
408227
346799
376395
122314
28539
327493
58823
48985
409955
295828
351977
271705
287825
322756
413208
411948
272429
420423
227799
392107
311868
285943
123574
168058
179499
251447
331040
43831
321753
67983
227221
276384
250808
333615
252794
440870
227830
68561
342944
337444
203136
204395
426345
392539
410716
56657
49331
9698
66724
5271
310190
232631
241311
260120
34140
170804
130014
38025
415003
194456
185586
205962
255875
5143
148646
118716
230245
75594
431258
260277
37000
97808
290050
368974
325455
220713
209006
191917
133648
439707
127038
299394
109885
160353
135805
288514
215898
297564
87921
226509
47340
314598
216265
398071
139047
418649
53329
312817
172449
225371
117588
368909
327114
54762
29026
356266
244642
195704
421551
89135
140587
242001
70831
250671
21224
273845
198870
120997
123957
288758
189069
110198
248504
104001
434139
241682
30903
74877
168006
2281
386504
187056
443128
232003
229871
105741
286722
186097
41843
379360
321323
250636
228131
253158
342307
175157
183723
226043
72968
409009
162029
353979
399153
221305
63421
439797
296419
288823
187410
276149
428484
386015
323145
39322
182753
285136
137304
366996
5115
224899
191439
255722
118922
211253
210105
211937
69039
220870
211866
118921
293684
324293
37490
325651
133305
146308
13578
276715
194290
31879
413924
311268
198250
342835
395163
151464
383281
276184
221577
406702
179708
431525
122987
347851
253405
68185
91590
421284
226425
276099
86404
292696
81692
371758
268133
131777
226510
411272
200410
390712
141459
226612
37844
158672
329786
302452
230982
29315
190946
275172
171868
356941
399092
339603
333444
64879
327046
303714
205639
99308
286101
44003
427237
67619
325784
329057
135646
4153
70907
234997
270196
140927
336330
80492
196372
260292
139624
170440
228577
90698
299841
311357
3699
89
298241
77509
142032
308127
223481
131491
144537
38178
301224
131849
94197
224270
262430
215531
197057
36795
34369
41351
316379
260081
124408
160506
22026
225907
124509
315872
94476
436897
95751
232677
20389
363828
24168
418453
140737
375515
350788
82304
363005
17705
212584
299742
437492
149236
137993
260138
335834
347235
145519
329002
205721
35411
296308
65041
364114
106141
345184
39923
188015
398050
84646
138419
407209
345313
119036
187742
137200
12560
275229
383294
97307
76222
442698
414656
230781
82515
378221
27639
419135
164533
166461
144721
47216
269693
91961
192067
267162
273301
405034
194812
300108
174067
314550
155686
76376
246488
237861
313839
290574
25978
303585
126526
99581
100588
116089
290427
91534
127427
371871
327053
173060
299049
427711
275269
210595
439780
358657
444567
346352
174923
278968
164255
317766
197212
204517
189749
298856
267826
441766
19549
419603
420406
290037
101488
24447
184717
420421
392661
174120
409337
352804
394807
36942
415176
217509
71034
32609
51936
423909
331105
42172
41341
247963
62872
165390
48448
39102
16690
410168
146182
133535
380787
85755
226855
93446
85494
315922
436556
83853
337204
346604
381372
70824
381325
374177
391805
209702
400768
111414
444083
70286
92903
209227
275549
340791
158913
103887
11287
314587
230280
315050
5582
116840
429203
38042
352765
38712
26644
307188
405391
226903
154025
407189
208481
170981
269706
359447
46712
303158
61886
204290
154340
330478
394664
219137
228629
267916
164784
8978
50765
89839
136353
198989
131694
372838
68890
4925
264084
15372
141654
221635
89334
252249
283102
415833
70265
38502
375360
183066
373287
105500
66258
30899
404601
178395
197219
73863
283159
180896
256994
161995
32092
264278
92826
307332
140765
299262
278065
56827
319677
237710
262756
124805
19898
218416
295101
20309
262863
231948
299946
136999
65760
16141
135761
344574
330177
210067
219774
390916
287329
143136
362355
34295
338526
285394
295530
366450
376141
80727
18696
207892
69273
125625
273654
320486
59118
281805
201720
425948
86784
214326
433826
153531
62707
375615
142222
268942
399548
245559
41824
160097
259080
60684
193766
374875
435794
405455
307675
434164
412722
300744
418785
1788
405954
240002
142453
420990
357537
370146
130731
301277
226636
291315
96338
52884
392846
100727
263618
41000
236065
167399
45242
65992
85758
425925
197245
162472
438812
252888
280527
206870
397511
325018
87657
116506
286651
235979
114657
45424
239892
282603
37143
361976
30234
318567
231705
244344
210177
79624
328400
282890
36685
174519
103867
320818
366532
312244
90934
39734
144769
107795
145025
430883
372855
6652
295544
105142
116598
291170
443395
94713
94359
261338
64857
355076
137672
385072
388416
145123
387179
341506
140664
143896
205615
292200
348435
320905
336843
197874
91481
32640
174753
8622
382606
121734
77678
48446
203964
245066
61274
213043
404768
249671
321432
192917
279803
74272
46105
346119
187737
102992
137137
295720
327265
105845
194795
362346
329811
27129
54460
373223
24728
232482
25366
312338
376954
18774
27356
89869
341601
344253
8748
262649
17662
186213
299833
78079
24477
389965
119322
269715
63931
358109
87729
430556
99649
297999
385839
101022
50075
279128
366185
348569
434226
211993
362896
75424
160912
32265
287331
424637
133979
383189
271665
14161
426646
130773
410079
340733
29918
31346
159710
21741
61503
83590
144770
25364
30837
158967
116243
94217
361102
210485
133567
421173
2643
6440
362759
209396
181963
236628
180498
33670
79793
234814
178727
58270
104302
172373
241045
314979
55464
189654
95267
402974
384732
294087
135462
441478
102438
274885
172326
98035
325459
337352
198617
443342
446289
343604
389270
274403
177761
234002
158249
381785
396772
89796
109982
199080
218644
248079
320862
310472
197965
178431
354244
426725
314169
316487
284793
290268
253536
428799
309304
62965
87478
141676
193605
255376
72816
440357
110448
173452
124233
302315
364954
50366
395309
168339
227264
302755
250717
246665
377553
188898
368646
134680
179885
124854
444409
425923
362107
390848
89918
319749
105397
75754
186825
291080
274014
105284
16834
145542
218541
257575
30425
196951
293584
86496
297215
289108
351814
317068
153223
8764
282842
422469
299187
211308
140030
180679
290001
390826
117948
153707
284830
364862
45847
187893
188283
178329
281309
22100
375095
155494
280423
298797
221262
37050
439888
383369
164064
439382
135333
362365
102711
89372
244412
407588
349374
138995
241431
188386
168833
125383
135621
279476
247429
337452
436414
183617
36469
125095
218510
134758
445712
145450
214022
50159
50369
148016
272138
304242
425645
67049
443339
247219
239805
312292
151513
361429
37328
288583
330878
6763
72963
374801
286606
374470
343124
229843
181994
359445
211574
85171
159355
271151
425573
199362
183978
185199
414986
256694
341330
364904
154649
301990
373249
113337
388135
97358
335871
421829
384193
88096
84700
150775
43776
391828
99241
6259
106428
344726
298829
261648
400301
219473
206319
287966
305423
381768
12647
245540
268924
97854
69128
26319
315483
21999
219729
83044
69433
327555
304457
111137
66594
8589
424651
319034
123646
35745
438860
313467
155859
99429
131936
64508
109900
262977
208437
227041
383985
271950
178565
21202
301875
32828
300430
413065
147780
85882
24467
321549
368476
310697
398236
375185
324875
269852
376322
337058
329729
91026
44253
352185
87851
193960
5966
155109
324585
71240
13617
186447
204588
139867
226042
155399
76834
433945
164228
311588
155747
404441
422828
166416
283212
275683
7749
34063
268909
441593
442859
87792
147396
47613
129085
288351
261261
162962
220292
96143
57861
341356
7150
310302
373982
396782
158212
307191
158098
330702
231003
83716
24813
367655
139372
410354
436721
319991
243430
116764
444877
235433
39320
347615
67149
234773
433857
276348
93783
427116
221784
305279
200031
386651
121500
172923
433021
2399
33269
103762
48813
304471
296192
253414
219032
402987
205855
148732
171458
230063
348057
234413
202696
318632
230046
410295
390157
361638
217406
80530
188535
384778
73165
239170
431506
350087
285608
63453
33820
213307
68408
10360
400051
294525
186087
419790
182151
362305
138578
245207
43941
181603
5467
222782
169933
62972
403187
235086
75645
244544
239408
6537
401486
292235
141528
341592
193406
143714
31715
95355
290854
156174
22718
318119
112664
68823
171446
326509
379224
372864
157499
160578
336076
38905
186529
140691
150074
247080
92276
115356
6982
321457
363957
103281
418180
326250
303429
41235
58389
114999
421254
21177
130835
209350
402885
132920
190470