702.7027027027027
465.46546546546546
975.975975975976
515.5155155155155
774.7747747747748
427.42742742742746
467.4674674674675
799.7997997997998
566.5665665665666
385.38538538538535
171.17117117117118
931.9319319319319
110.11011011011011
309.30930930930936
438.4384384384384
151.15115115115117
618.6186186186187
590.5905905905906
371.37137137137137
187.1871871871872
776.7767767767768
368.3683683683684
998.998998998999
176.17617617617617
480.4804804804805
787.7877877877878
154.15415415415416
769.7697697697697
837.8378378378378
539.5395395395396
614.6146146146147
255.25525525525526
74.07407407407408
343.34334334334335
456.45645645645646
677.6776776776777
553.5535535535535
934.934934934935
34.034034034034036
327.32732732732734
497.4974974974975
640.6406406406406
129.12912912912913
589.5895895895897
196.19619619619618
934.934934934935
520.5205205205206
604.6046046046047
877.8778778778778
464.46446446446447
308.3083083083083
375.37537537537537
47.04704704704705
356.3563563563564
404.4044044044044
550.5505505505506
762.7627627627628
182.18218218218217
150.15015015015015
791.7917917917919
442.4424424424425
608.6086086086086
676.6766766766766
258.25825825825825
299.2992992992993
454.4544544544545
273.2732732732733
366.3663663663664
551.5515515515516
186.18618618618618
988.988988988989
714.7147147147147
108.10810810810811
386.3863863863864
602.6026026026026
710.7107107107107
589.5895895895897
654.6546546546547
217.2172172172172
167.16716716716718
889.8898898898899
333.3333333333333
146.14614614614615
4.004004004004004
705.7057057057057
920.9209209209209
277.2772772772773
40.04004004004004
471.47147147147143
697.6976976976978
251.25125125125126
567.5675675675675
57.05705705705706
338.3383383383383
466.46646646646644
910.910910910911
349.3493493493494
294.2942942942943
135.13513513513513
528.5285285285285