596
734
187
344
538
453
610
755
866
281
860
705
8
951
803
736
111
285
855
664
208
708
321
782
925
846
635
862
342
453
106
972
460
344
300
761
603
867
82
673
881
691
841
447
229
127
237
964
925
986
229
169
293
257
512
314
866
64
244
313
435
118
558
827
181
859
806
587
880
813
489
656
694
678
383
554
90
817
127
993
194
911
853
362
64
41
348
197
111
908
316
244
908
8
678
880
512
419
558
302
69
320
505
965
943
344
328
656
547
517
264
141
755
523
561
244
621
253
664
516
785
720
61
148
776
306
351
286
824
547
888
719
631
951
159
358
398
810
491
314
47
631
468
775
554
6
369
169
34
985
855
188
908
246
622
404
862
902
796
862
489
614
225
384
383
638
867
509
176
937
271
106
160
600
127
496
978
729
790
922
8
447
19
330
174
726
911
258
124
575
258
964
330
832
418
295
174
369
701
972
12
939
608
712
407
272
425
666
13
635
393
279
481
603
979
264
92
951
782
407
979
509
204
83
145
218
41
110
995
321
236
155
27
467
855
216
803
603
860
586
330
776
628
995
286
5
351
811
936
498
601
341
568
419
320
358
545
971
610
139
383
925
622
523
127
76
971
15
902
306
141
237
656
848
587
950
946
363
586
22
370
82
624
328
54
148
468
159
71
650
131
988
153
110
22
468
110
267
909
978
309
454
61
442
97
544
176
545
411
267
384
866
771
741
439
505
629
383
176
811
250
148
972
943
477
587
691
932
559
782
743
531
929
862
923
194
876
622
145
848
510
992
582
650
460
463
979
523
365
20
495
953
797
131
701
657
950
981
6
390
239
902
439
652
790
502
1
734
544
302
307
516
547
776
537
211
881
68
792
867
530
827
468
278
337
412
306
729
979
390
526
321
971
477
629
418
78
881
376
946
307
26
85
790
488
687
62
103
834
944
551
575
608
768
288
20
824
428
622
957
456
209
747
666
895
957
631
517
327
190
699
348
652
90
572
687
125
740
778
769
229
8
559
201
750
244
817
477
790
404
652
104
145
624
475
887
120
202
348
344
272
26
729
167
201
575
426
453
582
608
404
169
979
607
141
713
544
897
874
740
8
307
425
22
223
922
918
916
131
855
314
411
498
580
943
141
874
789
736
419
362
666
944
432
638
993
271
281
216
75
778
601
740
757
370
215
876
27
579
36
636
873
694
426
117
610
853
887
764
580
61
820
48
964
477
244
54
169
797
292
435
713
124
638
643
390
694
811
222
253
615
705
295
706
817
99
839
985
351
405
502
309
62
460
456
230
75
799
671
19
211
167
817
57
783
691
764
489
278
414
111
404
533
426
971
449
734
474
841
286
495
71
62
306
876
398
775
260
510
243
99
111
159
92
559
929
904
650
341
785
216
348
624
195
215
449
944
271
904
937
509
211
167
488
323
692
957
743
958
12
169
55
894
239
517
404
477
797
152
99
671
495
99
216
516
435
846
222
603
489
131
841
993
992
197
545
817
701
160
404
239
853
628
162
776
257
540
209
810
715
426
782
309
951
278
624
160
985
232
139
740
547
321
47
764
727
222
939
461
299
771
398
390
155
867
481
281
580
33
925
692
726
295
363
180
337
76
82
456
587
285
498
783
656
862
419
152
204
776
320
925
223
586
694
643
152
750
286
873
771
377
733
876
412
96
680
398
691
225
552
285
890
55
495
50
153
509
960
314
544
85
762
5
330
412
922
953
69
719
442
811
376
162
181
684
568
888
124
64
727
698
827
510
586
148
874
334
582
867
747
120
874
621
1
398
572
547
790
110
148
230
215
134
300
649
750
594
691
316
335
691
827
615
439
456
825
229
22
132
138
99
391
572
911
496
740
365
517
712
547
860
572
757
251
278
848
944
572
232
888
222
673
622
418
183
321
684
309
615
467
351
181
880
204
601
12
932
111
369
302
622
166
918
377
446
379
251
54
806
90
663
218
426
215
638
83
54
687
153
635
722
6
411
477
433
446
470
41
208
603
216
957
512
839
565
15
958
936
960
174
719
827
916
19
925
1000
803
694
643
404
267
748
572
400
370
726
414
41
943
512
818
908
736
503
138
358
993
376
715
188
579
519
692
530
407
132
418
771
62
831
988
349
75
883
34
712
260
111
306
253
678
341
239
944
908
533
790
418
225
41
495
358
230
320
239
538
61
757
251
950
113
853
838
211
356
957
841
566
908
890
412
117
337
678
145
610
153
467
232
755
222
491
559
229
645
601
54
659
258
278
484
825
943
603
601
313
673
62
82
764
664
96
778
6
173
533
909
96
988
216
236
183
510
824
92
398
271
477
104
719
540
167
754
421
839
866
85
643
327
568
650
180
540
790
803
589
951
166
442
741
915
141
573
208
267
244
789
995
433
166
470
636
859
792
755
677
141
76
922
792
412
292
897
776
719
526
587
68
211
125
761
176
783
775
540
181
327
358
188
600
841
76
446
904
363
593
519
713
187
687
587
215
372
244
173
99
76
929
288
755
985
547
34
880
750
363
495
239
552
558
64
384
649
477
748
96
841
643
117
771
587
530
939
650
698
407
503
873
260
258
467
372
90
264
120
97
243
106
860
19
659
321
404
645
279
656
841
90
19
841
713
740
274
734
306
610
300
628
351
167
558
785
713
978
218
671
656
505
538
600
771
874
691
204
153
271
757
524
873
925
545
565
176
951
845
43
510
747
883
517
96
652
503
334
575
370
404
15
811
775
841
762
796
533
762
684
351
930
614
260
776
82
981
699
236
799
405
180
330
580
152
351
937
439
337
559
467
848
391
726
820
475
719
50
699
19
925
748
285
232
944
775
274
342
446
771
111
894
995
825
19
974
552
439
799
622
474
323
923
817
337
202
257
561
867
89
169
223
796
491
293
390
764
13
390
953
412
26
57
895
131
449
881
635
960
111
831
365
629
642
449
468
964
694
790
565
386
160
908
694
524
474
988
111
131
946
97
817
22
139
887
960
958
922
799
650
369
680
573
999
806
76
89
281
664
68
883
650
936
351
27
222
743
83
439
792
797
397
540
538
537
645
713
236
491
328
369
50
356
222
680
447
495
967
118
551
589
104
75
421
720
187
323
468
586
155
958
264
687
517
593
869
97
397
15
426
999
344
90
712
22
167
369
316
195
103
267
524
201
813
370
978
932
503
642
141
398
901
274
132
985
190
412
593
225
727
432
988
629
999
71
755
488
330
440
817
309
307
901
323
685
208
295
391
663
694
314
677
925
461
530
218
993
635
988
846
292
64
510
152
316
706
222
533
615
110
232
517
278
967
209
334
407
629
635
365
125
859
43
531
404
750
972
894
253
97
677
687
510
257
421
531
47
540
685
369
29
447
425
764
951
264
792
370
313
232
405
838
281
818
978
862
629
621
533
335
187
43
797
502
897
881
824
351
1000
75
281
384
558
694
930
159
281
699
712
99
867
467
708
55
684
190
937
292
176
440
54
925
97
159
71
902
649
449
853
740
603
461
649
897
755
810
729
671
985
981
363
12
526
426
75
302
41
425
148
727
761
463
454
824
827
307
873
428
328
971
113
510
789
862
181
467
946
748
691
666
132
901
155
454
222
15
671
768
946
223
992
127
419
278
631
398
61
428
524
607
827
811
656
834
265
530
57
328
460
582
244
285
540
762
320
645
300
985
974
867
670
421
363
229
141
818
649
134
699
334
78
153
222
953
370
719
659
846
516
596
580
278
365
559
180
841
860
901
393
146
229
904
454
376
925
237
747
631
993
887
505
307
992
694
90
145
855
335
68
365
34
327
155
468
544
435
559
215
71
664
705
925
503
257
365
902
229
190
622
390
288
377
446
127
734
593
519
461
670
225
888
586
792
251
635
470
230
96
869
538
474
8
769
411
813
482
831
617
895
999
687
398
327
106
923
656
603
146
82
491
818
502
302
314
600
890
881
187
57
41
705
568
293
558
253
265
166
939
699
243
295
748
285
981
426
901
988
713
453
365
986
264
148
993
600
757
41
488
533
153
537
855
258
782
267
643
880
575
545
131
344
783
145
995
671
110
995
573
754
617
727
96
435
209
341
232
706
418
750
405
551
533
552
474
288
692
600
533
258
901
946
405
54
316
958
411
260
636
5
204
391
964
764
1000
68
533
524
579
344
454
418
652
384
656
813
195
663
190
531
859
400
902
586
813
909
915
925
27
698
50
881
586
736
622
817
120
167
117
127
468
82
372
552
740
127
573
187
197
377
334
197
832
985
715
524
131
939
349
369
456
790
999
218
328
607
743
363
110
876
55
474
981
874
54
162
300
950
743
650
866
890
419
201
680
783
796
869
314
103
8
181
663
918
356
117
246
475
992
225
27
173
939
342
873
113
685
348
960
167
971
967
349
670
449
258
173
379
1000
117
8
531
467
876
545
936
379
923
579
393
265
908
666
629
117
750
930
663
71
853
96
225
160
761
533
405
61
64
818
978
610
524
159
834
706
607
638
671
873
50
48
404
134
489
537
15
916
208
813
265
124
211
139
334
701
132
509
295
615
446
281
902
425
407
1000
831
589
1000
642
449
216
446
232
90
936
393
755
369
64
678
642
568
895
621
407
832
348
85
671
222
925
888
362
8
664
47
722
748
558
568
167
54
1
307
40
659
727
838
834
405
537
953
867
264
988
587
691
673
706
460
477
552
460
127
755
250
386
916
467
827
69
929
904
979
488
876
951
369
155
461
47
505
454
565
813
503
481
148
489
817
939
104
929
589
748
453
722
195
551
260
216
250
8
965
635
526
783
698
589
566
61
799
979
96
22
447
40
988
454
180
708
860
719
330
370
691
183
825
726
981
461
292
274
55
285
92
608
733
645
804
19
897
265
341
995
762
894
400
510
313
561
132
180
568
272
159
239
132
47
316
573
635
351
552
334
694
797
649
729
265
558
540
272
110
764
125
159
785
482
117
624
426
411
113
727
404
253
755
299
190
657
621
92
181
978
484
349
54
554
902
936
197
531
243
764
811
257
897
419
509
827
62
845
561
874
425
617
790
145
379
447
19
78
657
264
211
629
544
582
720
334
484
587
999
78
251
831
435
90
663
470
944
677
337
713
47
680
279
264
568
251
831
106
356
985
736
923
145
71
881
992
582
398
943
1
279
894
785
615
957
323
951
299
694
440
439
29
741
922
890
433
775
617
132
943
624
748
810
344
895
75
897
279
502
932
111
40
155
944
432
897
846
593
134
195
544
925
769
684
246
489
894
897
468
642
715
307
845
281
454
271
232
412
334
624
923
40
708
790
845
309
349
628
470
594
803
498
167
761
918
181
971
736
902
488
204
426
194
568
216
600
890
552
453
379
307
684
36
27
726
197
755
285
617
720
271
358
426
544
365
426
929
141
923
12
813
433
607
127
881
754
225
874
5
106
41
334
365
321
236
904
510
5
155
587
810
610
734
957
484
944
621
778
776
54
85
342
999
617
937
306
498
860
943
960
811
12
197
699
733
15
1000
243
771
636
334
680
216
376
519
552
453
631
412
145
736
657
306
190
293
915
463
552
691
575
349
495
218
895
278
610
587
47
883
993
985
113
202
712
50
902
243
15
76
201
722
349
460
239
608
936
778
272
12
414
496
761
694
650
488
610
853
635
246
118
362
190
55
971
939
615
208
337
377
75
925
762
859
169
706
509
29
776
152
694
237
306
974
748
404
659
601
75
729
538
733
281
426
124
358
713
453
113
468
803
449
363
19
351
503
859
687
321
117
638
748
831
414
762
530
694
881
96
274
223
768
8
349
152
169
132
516
120
692
229
78
181
705
897
20
901
127
720
348
316
790
670
491
986
320
701
594
733
372
629
278
743
839
747
407
881
152
827
825
488
36
937
943
379
818
726
673
314
600
638
363
726
358
412
712
162
755
929
407
433
159
722
776
292
29
867
936
512
762
278
918
153
75
379
664
306
323
552
362
848
6
208
176
713
901
519
573
852
645
958
677
358
783
915
134
76
866
162
594
943
834
797
390
456
195
432
995
454
75
855
552
355
22
930
425
379
846
208
29
552
782
106
237
558
491
209
103
288
181
481
267
167
579
113
846
341
869
251
306
995
405
271
113
986
677
911
881
845
8
279
530
78
986
740
36
41
299
134
104
19
372
153
390
694
139
369
344
349
313
827
972
61
155
349
866
673
384
474
246
384
201
71
643
47
645
48
460
764
307
474
78
895
950
883
657
761
428
223
607
22
776
516
813
867
936
260
657
404
218
524
495
386
125
264
477
720
943
631
83
670
911
244
964
638
909
817
575
398
299
372
48
957
722
636
628
253
559
663
64
769
754
120
510
915
372
769
285
638
790
551
813
223
558
547
769
40
869
776
418
533
118
894
638
454
250
911
615
5
127
692
866
960
139
488
610
111
488
568
384
341
659
202
138
883
104
915
15
811
103
988
853
530
554
293
537
183
986
712
141
685
649
953
636
145
540
433
593
302
426
530
792
489
579
995
580
579
106
510
894
302
902
831
253
776
957
470
111
418
106
363
733
596
489
495
960
622
621
897
41
229
260
83
411
309
440
159
358
69
663
813
580
439
99
615
943
498
496
488
848
55
12
918
279
579
631
622
432
15
524
355
309
349
957
204
272
537
519
699
614
750
237
68
29
223
54
764
363
516
309
832
12
862
986
831
820
860
824
694
48
838
43
874
453
512
146
383
561
916
894
911
377
61
603
342
971
134
580
68
316
979
68
127
90
803
806
573
306
876
139
509
939
244
264
631
965
992
148
69
810
225
216
313
722
125
89
652
608
187
295
734
712
43
76
166
232
279
334
442
860
852
169
69
215
659
405
852
603
237
866
897
755
61
246
132
684
610
944
418
64
55
922
134
461
642
659
678
26
344
391
292
491
342
943
988
706
957
435
881
614
890
832
376
568
27
460
106
356
236
253
384
845
701
461
985
708
27
789
834
699
110
708
566
222
792
888
180
358
475
509
589
118
908
211
391
600
57
370
439
246
27
579
785
118
411
995
797
124
617
314
845
918
748
642
603
125
425
211
363
705
701
132
257
778
153
747
652
321
19
281
370
985
757
580
425
526
678
593
764
741
54
729
132
299
505
300
656
246
524
796
967
594
852
50
391
453
484
251
26
323
734
425
36
545
341
806
363
257
295
27
208
582
146
677
57
41
964
421
202
824
232
734
313
106
643
733
1
426
306
421
489
992
246
97
40
806
139
474
708
440
460
99
20
376
687
34
369
960
244
670
64
153
530
29
181
999
883
363
187
85
524
649
806
475
439
127
97
299
148
678
957
722
888
145
715
258
292
57
762
292
750
356
747
792
986
796
589
643
19
162
692
222
582
839
600
246
762
740
904
531
334
288
363
873
190
384
446
764
27
551
890
174
173
813
328
250
785
594
47
939
34
215
50
265
691
792
972
635
652
293
285
407
671
103
246
125
187
267
839
355
806
895
285
358
447
614
232
881
726
743
517
355
925
573
460
533
188
26
925
384
579
603
727
75
778
342
887
435
104
236
407
293
824
680
146
754
15
405
89
547
174
215
792
993
33
666
426
404
29
384
712
603
909
138
967
881
607
64
755
593
183
748
768
617
748
166
715
664
726
834
300
173
862
132
404
939
272
159
988
615
586
617
944
54
946
426
292
848
965
642
512
342
19
687
804
761
295
461
537
715
923
740
638
104
453
701
286
166
344
132
19
834
216
397
169
83
460
862
664
852
337
139
131
400
825
376
932
734
89
736
643
145
253
944
180
120
531
572
239
223
82
652
972
894
925
951
999
953
489
726
155
699
992
29
804
47
50
475
488
442
622
236
379
398
467
442
965
285
141
160
957
750
783
502
365
440
173
932
594
12
547
335
460
218
538
656
323
475
411
232
741
61
967
209
82
890
167
936
736
545
866
505
902
558
918
965
677
743
146
824
218
160
376
757
496
978
981
307
383
295
76
12
323
713
355
757
90
544
792
769
502
183
300
355
176
839
404
358
531
390
337
930
670
820
713
663
575
636
502
750
720
705
939
76
782
715
636
572
624
741
726
1
790
425
50
118
278
155
97
600
729
146
131
295
972
656
981
426
649
470
251
754
736
993
271
610
363
754
512
622
271
22
202
271
386
321
901
603
608
810
15
167
733
22
825
733
554
20
614
960
293
397
589
90
173
337
692
719
547
916
201
988
188
341
827
272
642
211
524
439
757
895
327
414
741
201
561
104
33
694
573
278
729
265
810
57
146
397
393
706
565
911
111
964
456
846
628
36
265
670
722
104
180
855
692
691
64
559
964
806
720
467
995
552
845
232
398
12
204
34
593
582
349
131
512
265
649
323
90
635
323
69
978
456
615
180
855
20
838
743
293
985
337
573
712
50
62
726
554
377
572
141
356
922
610
762
103
358
55
502
876
230
292
344
181
824
575
783
75
869
132
40
232
230
530
701
706
173
57
20
635
288
839
761
652
671
824
827
559
390
890
27
600
694
916
327
491
27
299
365
965
614
617
986
369
505
335
887
50
328
327
323
209
313
85
244
719
869
895
684
295
293
47
463
734
754
764
888
215
848
545
635
386
454
404
820
594
397
813
461
761
337
440
201
85
216
572
995
195
803
197
426
810
204
307
516
806
41
859
477
860
537
526
34
474
316
587
957
771
853
369
820
237
775
113
349
124
687
188
866
939
223
355
834
48
908
918
895
61
575
860
614
484
398
187
442
146
348
330
111
89
379
433
446
141
307
117
869
195
425
246
6
509
505
664
614
393
615
782
505
587
404
512
27
957
316
202
852
127
90
551
288
111
607
246
146
516
400
615
418
799
958
775
225
531
957
757
279
432
57
503
19
92
230
201
974
363
299
15
839
257
197
412
978
1
636
516
71
139
593
974
202
635
841
433
68
190
475
229
169
965
523
834
580
845
533
391
481
379
608
264
505
202
299
869
678
138
785
76
684
848
888
943
1
538
159
106
881
348
792
685
467
638
930
145
708
174
362
953
111
446
589
720
971
778
958
369
792
342
418
876
167
656
813
944
145
729
832
229
407
909
47
183
62
82
505
811
775
512
27
705
799
741
152
498
97
558
750
482
761
414
727
299
890
76
152
918
608
306
561
496
887
197
902
446
736
132
607
652
580
292
939
496
530
575
202
334
99
482
355
316
433
299
309
335
796
267
923
803
764
265
495
414
111
656
50
300
670
78
727
467
379
328
341
904
482
523
799
349
628
729
860
124
764
146
229
652
937
915
225
608
166
225
454
257
659
475
572
477
580
607
589
867
131
897
370
705
85
909
166
449
237
845
246
223
467
15
881
978
8
461
593
855
524
460
666
692
243
911
972
376
309
755
803
393
811
418
631
475
271
897
111
432
428
783
621
631
202
348
673
419
705
463
188
733
428
258
509
92
902
726
148
951
544
463
41
572
309
846
173
799
748
978
575
881
943
617
174
250
22
797
838
197
783
432
491
419
152
456
293
782
624
853
166
687
181
782
596
118
292
988
300
271
729
881
33
148
62
726
883
111
663
876
377
453
463
594
159
869
937
411
442
202
229
666
510
852
988
755
922
659
573
593
372
888
551
400
552
292
225
503
61
400
41
250
589
629
187
960
433
810
848
937
747
155
104
838
806
930
929
162
251
145
589
496
187
778
370
621
309
216
117
505
748
649
351
986
992
974
251
446
330
447
901
652
412
551
169
846
845
71
405
691
120
699
565
526
748
54
785
762
530
442
363
635
575
594
187
603
811
523
323
300
96
904
769
278
813
300
768
428
356
866
57
160
971
330
468
299
666
545
82
792
559
453
15
188
54
407
741
817
785
195
950
610
62
684
827
230
663
547
153
558
512
538
236
64
244
61
918
657
859
197
188
866
267
958
33
568
69
439
771
727
117
85
741
936
463
958
124
351
475
964
330
671
936
757
874
999
281
965
551
981
454
544
414
489
936
617
867
103
330
160
145
638
48
824
470
937
103
365
391
950
442
580
180
498
811
138
218
657
334
85
650
152
645
433
565
407
69
292
610
20
705
162
447
782
715
384
54
162
41
96
421
384
887
421
272
446
736
881
89
190
293
663
946
90
992
946
356
89
92
265
432
778
580
831
372
454
131
645
853
243
386
279
173
456
699
215
400
391
47
799
958
26
743
993
656
386
860
838
596
132
866
925
650
418
484
314
152
484
776
138
862
34
635
561
13
502
393
97
418
414
440
131
463
713
425
631
111
565
267
482
145
519
783
61
708
195
278
85
888
96
582
370
460
645
41
712
904
741
124
603
741
320
568
13
887
169
6
89
498
951
726
778
748
572
141
104
817
148
62
474
365
650
964
246
384
460
337
965
313
624
517
194
932
251
376
197
573
971
323
720
852
99
195
194
50
930
138
372
314
796
603
223
705
960
405
915
491
699
565
274
230
593
85
132
537
449
825
593
729
762
768
386
888
572
470
832
747
22
104
243
743
741
390
442
622
908
645
720
733
421
433
432
309
517
446
456
461
523
393
503
852
190
979
12
575
489
82
778
986
516
666
454
299
386
622
894
71
783
383
687
678
999
190
181
733
43
482
600
8
818
215
554
48
96
316
944
579
57
965
5
470
489
698
673
342
754
848
923
173
218
755
691
463
496
810
239
538
733
610
573
215
92
321
985
379
300
859
960
244
341
330
475
796
8
650
733
638
720
677
792
202
82
834
538
117
386
482
887
176
832
579
281
335
593
57
237
180
211
643
124
855
930
635
589
909
859
43
279
887
288
685
264
673
692
551
57
664
425
1
314
537
589
832
901
680
566
761
729
293
705
414
384
992
274
580
397
43
321
355
582
272
180
897
1000
502
113
174
817
694
664
61
547
202
369
1
552
481
526
769
383
918
538
180
435
13
124
855
678
117
127
209
229
50
286
348
659
839
19
253
475
628
519
398
544
652
433
873
967
762
341
302
580
439
771
468
264
764
475
957
995
223
369
407
986
257
652
650
495
694
783
740
309
377
110
827
832
985
967
41
593
638
979
950
862
328
628
64
160
26
960
286
649
729
524
824
862
538
89
232
860
327
729
384
236
302
447
852
589
405
75
225
755
327
344
867
180
953
629
320
463
237
796
435
734
453
771
419
40
687
461
712
533
286
635
407
104
523
414
825
649
519
475
243
750
237
320
547
685
754
393
944
509
848
461
859
694
405
47
743
398
89
162
398
306
708
909
523
71
524
369
883
874
306
351
27
971
638
622
740
162
804
992
1
909
691
813
293
19
568
790
516
582
6
341
15
412
425
407
741
565
267
734
663
981
69
691
288
601
817
715
734
341
1
587
971
596
895
180
253
622
789
638
811
880
946
1000
208
540
832
530
148
860
761
57
517
600
365
440
502
666
685
159
568
867
726
50
594
166
204
797
978
204
678
971
295
825
495
862
13
726
176
97
5
162
923
670
176
83
845
225
573
936
421
650
726
302
860
110
442
727
341
617
223
474
512
811
82
659
720
754
491
300
887
694
118
40
211
573
663
834
909
572
876
265
523
561
986
355
932
398
537
316
986
894
204
874
600
673
265
796
484
209
47
659
363
131
204
188
250
43
867
705
652
580
33
673
174
264
596
734
187
344
538
453
610
755
866
281
860
705
8
951
803
736
111
285
855
664
208
708
321
782
925
846
635
862
342
453
106
972
460
344
300
761
603
867
82
673
881
691
841
447
229
127
237
964
925
986
229
169
293
257
512
314
866
64
244
313
435
118
558
827
181
859
806
587
880
813
489
656
694
678
383
554
90
817
127
993
194
911
853
362
64
41
348
197
111
908
316
244
908
8
678
880
512
419
558
302
69
320
505
965
943
344
328
656
547
517
264
141
755
523
561
244
621
253
664
516
785
720
61
148
776
306
351
286
824
547
888
719
631
951
159
358
398
810
491
314
47
631
468
775
554
6
369
169
34
985
855
188
908
246
622
404
862
902
796
862
489
614
225
384
383
638
867
509
176
937
271
106
160
600
127
496
978
729
790
922
8
447
19
330
174
726
911
258
124
575
258
964
330
832
418
295
174
369
701
972
12
939
608
712
407
272
425
666
13
635
393
279
481
603
979
264
92
951
782
407
979
509
204
83
145
218
41
110
995
321
236
155
27
467
855
216
803
603
860
586
330
776
628
995
286
5
351
811
936
498
601
341
568
419
320
358
545
971
610
139
383
925
622
523
127
76
971
15
902
306
141
237
656
848
587
950
946
363
586
22
370
82
624
328
54
148
468
159
71
650
131
988
153
110
22
468
110
267
909
978
309
454
61
442
97
544
176
545
411
267
384
866
771
741
439
505
629
383
176
811
250
148
972
943
477
587
691
932
559
782
743
531
929
862
923
194
876
622
145
848
510
992
582
650
460
463
979
523
365
20
495
953
797
131
701
657
950
981
6
390
239
902
439
652
790
502
1
734
544
302
307
516
547
776
537
211
881
68
792
867
530
827
468
278
337
412
306
729
979
390
526
321
971
477
629
418
78
881
376
946
307
26
85
790
488
687
62
103
834
944
551
575
608
768
288
20
824
428
622
957
456
209
747
666
895
957
631
517
327
190
699
348
652
90
572
687
125
740
778
769
229
8
559
201
750
244
817
477
790
404
652
104
145
624
475
887
120
202
348
344
272
26
729
167
201
575
426
453
582
608
404
169
979
607
141
713
544
897
874
740
8
307
425
22
223
922
918
916
131
855
314
411
498
580
943
141
874
789
736
419
362
666
944
432
638
993
271
281
216
75
778
601
740
757
370
215
876
27
579
36
636
873
694
426
117
610
853
887
764
580
61
820
48
964
477
244
54
169
797
292
435
713
124
638
643
390
694
811
222
253
615
705
295
706
817
99
839
985
351
405
502
309
62
460
456
230
75
799
671
19
211
167
817
57
783
691
764
489
278
414
111
404
533
426
971
449
734
474
841
286
495
71
62
306
876
398
775
260
510
243
99
111
159
92
559
929
904
650
341
785
216
348
624
195
215
449
944
271
904
937
509
211
167
488
323
692
957
743
958
12
169
55
894
239
517
404
477
797
152
99
671
495
99
216
516
435
846
222
603
489
131
841
993
992
197
545
817
701
160
404
239
853
628
162
776
257
540
209
810
715
426
782
309
951
278
624
160
985
232
139
740
547
321
47
764
727
222
939
461
299
771
398
390
155
867
481
281
580
33
925
692
726
295
363
180
337
76
82
456
587
285
498
783
656
862
419
152
204
776
320
925
223
586
694
643
152
750
286
873
771
377
733
876
412
96
680
398
691
225
552
285
890
55
495
50
153
509
960
314
544
85
762
5
330
412
922
953
69
719
442
811
376
162
181
684
568
888
124
64
727
698
827
510
586
148
874
334
582
867
747
120
874
621
1
398
572
547
790
110
148
230
215
134
300
649
750
594
691
316
335
691
827
615
439
456
825
229
22
132
138
99
391
572
911
496
740
365
517
712
547
860
572
757
251
278
848
944
572
232
888
222
673
622
418
183
321
684
309
615
467
351
181
880
204
601
12
932
111
369
302
622
166
918
377
446
379
251
54
806
90
663
218
426
215
638
83
54
687
153
635
722
6
411
477
433
446
470
41
208
603
216
957
512
839
565
15
958
936
960
174
719
827
916
19
925
1000
803
694
643
404
267
748
572
400
370
726
414
41
943
512
818
908
736
503
138
358
993
376
715
188
579
519
692
530
407
132
418
771
62
831
988
349
75
883
34
712
260
111
306
253
678
341
239
944
908
533
790
418
225
41
495
358
230
320
239
538
61
757
251
950
113
853
838
211
356
957
841
566
908
890
412
117
337
678
145
610
153
467
232
755
222
491
559
229
645
601
54
659
258
278
484
825
943
603
601
313
673
62
82
764
664
96
778
6
173
533
909
96
988
216
236
183
510
824
92
398
271
477
104
719
540
167
754
421
839
866
85
643
327
568
650
180
540
790
803
589
951
166
442
741
915
141
573
208
267
244
789
995
433
166
470
636
859
792
755
677
141
76
922
792
412
292
897
776
719
526
587
68
211
125
761
176
783
775
540
181
327
358
188
600
841
76
446
904
363
593
519
713
187
687
587
215
372
244
173
99
76
929
288
755
985
547
34
880
750
363
495
239
552
558
64
384
649
477
748
96
841
643
117
771
587
530
939
650
698
407
503
873
260
258
467
372
90
264
120
97
243
106
860
19
659
321
404
645
279
656
841
90
19
841
713
740
274
734
306
610
300
628
351
167
558
785
713
978
218
671
656
505
538
600
771
874
691
204
153
271
757
524
873
925
545
565
176
951
845
43
510
747
883
517
96
652
503
334
575
370
404
15
811
775
841
762
796
533
762
684
351
930
614
260
776
82
981
699
236
799
405
180
330
580
152
351
937
439
337
559
467
848
391
726
820
475
719
50
699
19
925
748
285
232
944
775
274
342
446
771
111
894
995
825
19
974
552
439
799
622
474
323
923
817
337
202
257
561
867
89
169
223
796
491
293
390
764
13
390
953
412
26
57
895
131
449
881
635
960
111
831
365
629
642
449
468
964
694
790
565
386
160
908
694
524
474
988
111
131
946
97
817
22
139
887
960
958
922
799
650
369
680
573
999
806
76
89
281
664
68
883
650
936
351
27
222
743
83
439
792
797
397
540
538
537
645
713
236
491
328
369
50
356
222
680
447
495
967
118
551
589
104
75
421
720
187
323
468
586
155
958
264
687
517
593
869
97
397
15
426
999
344
90
712
22
167
369
316
195
103
267
524
201
813
370
978
932
503
642
141
398
901
274
132
985
190
412
593
225
727
432
988
629
999
71
755
488
330
440
817
309
307
901
323
685
208
295
391
663
694
314
677
925
461
530
218
993
635
988
846
292
64
510
152
316
706
222
533
615
110
232
517
278
967
209
334
407
629
635
365
125
859
43
531
404
750
972
894
253
97
677
687
510
257
421
531
47
540
685
369
29
447
425
764
951
264
792
370
313
232
405
838
281
818
978
862
629
621
533
335
187
43
797
502
897
881
824
351
1000
75
281
384
558
694
930
159
281
699
712
99
867
467
708
55
684
190
937
292
176
440
54
925
97
159
71
902
649
449
853
740
603
461
649
897
755
810
729
671
985
981
363
12
526
426
75
302
41
425
148
727
761
463
454
824
827
307
873
428
328
971
113
510
789
862
181
467
946
748
691
666
132
901
155
454
222
15
671
768
946
223
992
127
419
278
631
398
61
428
524
607
827
811
656
834
265
530
57
328
460
582
244
285
540
762
320
645
300
985
974
867
670
421
363
229
141
818
649
134
699
334
78
153
222
953
370
719
659
846
516
596
580
278
365
559
180
841
860
901
393
146
229
904
454
376
925
237
747
631
993
887
505
307
992
694
90
145
855
335
68
365
34
327
155
468
544
435
559
215
71
664
705
925
503
257
365
902
229
190
622
390
288
377
446
127
734
593
519
461
670
225
888
586
792
251
635
470
230
96
869
538
474
8
769
411
813
482
831
617
895
999
687
398
327
106
923
656
603
146
82
491
818
502
302
314
600
890
881
187
57
41
705
568
293
558
253
265
166
939
699
243
295
748
285
981
426
901
988
713
453
365
986
264
148
993
600
757
41
488
533
153
537
855
258
782
267
643
880
575
545
131
344
783
145
995
671
110
995
573
754
617
727
96
435
209
341
232
706
418
750
405
551
533
552
474
288
692
600
533
258
901
946
405
54
316
958
411
260
636
5
204
391
964
764
1000
68
533
524
579
344
454
418
652
384
656
813
195
663
190
531
859
400
902
586
813
909
915
925
27
698
50
881
586
736
622
817
120
167
117
127
468
82
372
552
740
127
573
187
197
377
334
197
832
985
715
524
131
939
349
369
456
790
999
218
328
607
743
363
110
876
55
474
981
874
54
162
300
950
743
650
866
890
419
201
680
783
796
869
314
103
8
181
663
918
356
117
246
475
992
225
27
173
939
342
873
113
685
348
960
167
971
967
349
670
449
258
173
379
1000
117
8
531
467
876
545
936
379
923
579
393
265
908
666
629
117
750
930
663
71
853
96
225
160
761
533
405
61
64
818
978
610
524
159
834
706
607
638
671
873
50
48
404
134
489
537
15
916
208
813
265
124
211
139
334
701
132
509
295
615
446
281
902
425
407
1000
831
589
1000
642
449
216
446
232
90
936
393
755
369
64
678
642
568
895
621
407
832
348
85
671
222
925
888
362
8
664
47
722
748
558
568
167
54
1
307
40
659
727
838
834
405
537
953
867
264
988
587
691
673
706
460
477
552
460
127
755
250
386
916
467
827
69
929
904
979
488
876
951
369
155
461
47
505
454
565
813
503
481
148
489
817
939
104
929
589
748
453
722
195
551
260
216
250
8
965
635
526
783
698
589
566
61
799
979
96
22
447
40
988
454
180
708
860
719
330
370
691
183
825
726
981
461
292
274
55
285
92
608
733
645
804
19
897
265
341
995
762
894
400
510
313
561
132
180
568
272
159
239
132
47
316
573
635
351
552
334
694
797
649
729
265
558
540
272
110
764
125
159
785
482
117
624
426
411
113
727
404
253
755
299
190
657
621
92
181
978
484
349
54
554
902
936
197
531
243
764
811
257
897
419
509
827
62
845
561
874
425
617
790
145
379
447
19
78
657
264
211
629
544
582
720
334
484
587
999
78
251
831
435
90
663
470
944
677
337
713
47
680
279
264
568
251
831
106
356
985
736
923
145
71
881
992
582
398
943
1
279
894
785
615
957
323
951
299
694
440
439
29
741
922
890
433
775
617
132
943
624
748
810
344
895
75
897
279
502
932
111
40
155
944
432
897
846
593
134
195
544
925
769
684
246
489
894
897
468
642
715
307
845
281
454
271
232
412
334
624
923
40
708
790
845
309
349
628
470
594
803
498
167
761
918
181
971
736
902
488
204
426
194
568
216
600
890
552
453
379
307
684
36
27
726
197
755
285
617
720
271
358
426
544
365
426
929
141
923
12
813
433
607
127
881
754
225
874
5
106
41
334
365
321
236
904
510
5
155
587
810
610
734
957
484
944
621
778
776
54
85
342
999
617
937
306
498
860
943
960
811
12
197
699
733
15
1000
243
771
636
334
680
216
376
519
552
453
631
412
145
736
657
306
190
293
915
463
552
691
575
349
495
218
895
278
610
587
47
883
993
985
113
202
712
50
902
243
15
76
201
722
349
460
239
608
936
778
272
12
414
496
761
694
650
488
610
853
635
246
118
362
190
55
971
939
615
208
337
377
75
925
762
859
169
706
509
29
776
152
694
237
306
974
748
404
659
601
75
729
538
733
281
426
124
358
713
453
113
468
803
449
363
19
351
503
859
687
321
117
638
748
831
414
762
530
694
881
96
274
223
768
8
349
152
169
132
516
120
692
229
78
181
705
897
20
901
127
720
348
316
790
670
491
986
320
701
594
733
372
629
278
743
839
747
407
881
152
827
825
488
36
937
943
379
818
726
673
314
600
638
363
726
358
412
712
162
755
929
407
433
159
722
776
292
29
867
936
512
762
278
918
153
75
379
664
306
323
552
362
848
6
208
176
713
901
519
573
852
645
958
677
358
783
915
134
76
866
162
594
943
834
797
390
456
195
432
995
454
75
855
552
355
22
930
425
379
846
208
29
552
782
106
237
558
491
209
103
288
181
481
267
167
579
113
846
341
869
251
306
995
405
271
113
986
677
911
881
845
8
279
530
78
986
740
36
41
299
134
104
19
372
153
390
694
139
369
344
349
313
827
972
61
155
349
866
673
384
474
246
384
201
71
643
47
645
48
460
764
307
474
78
895
950
883
657
761
428
223
607
22
776
516
813
867
936
260
657
404
218
524
495
386
125
264
477
720
943
631
83
670
911
244
964
638
909
817
575
398
299
372
48
957
722
636
628
253
559
663
64
769
754
120
510
915
372
769
285
638
790
551
813
223
558
547
769
40
869
776
418
533
118
894
638
454
250
911
615
5
127
692
866
960
139
488
610
111
488
568
384
341
659
202
138
883
104
915
15
811
103
988
853
530
554
293
537
183
986
712
141
685
649
953
636
145
540
433
593
302
426
530
792
489
579
995
580
579
106
510
894
302
902
831
253
776
957
470
111
418
106
363
733
596
489
495
960
622
621
897
41
229
260
83
411
309
440
159
358
69
663
813
580
439
99
615
943
498
496
488
848
55
12
918
279
579
631
622
432
15
524
355
309
349
957
204
272
537
519
699
614
750
237
68
29
223
54
764
363
516
309
832
12
862
986
831
820
860
824
694
48
838
43
874
453
512
146
383
561
916
894
911
377
61
603
342
971
134
580
68
316
979
68
127
90
803
806
573
306
876
139
509
939
244
264
631
965
992
148
69
810
225
216
313
722
125
89
652
608
187
295
734
712
43
76
166
232
279
334
442
860
852
169
69
215
659
405
852
603
237
866
897
755
61
246
132
684
610
944
418
64
55
922
134
461
642
659
678
26
344
391
292
491
342
943
988
706
957
435
881
614
890
832
376
568
27
460
106
356
236
253
384
845
701
461
985
708
27
789
834
699
110
708
566
222
792
888
180
358
475
509
589
118
908
211
391
600
57
370
439
246
27
579
785
118
411
995
797
124
617
314
845
918
748
642
603
125
425
211
363
705
701
132
257
778
153
747
652
321
19
281
370
985
757
580
425
526
678
593
764
741
54
729
132
299
505
300
656
246
524
796
967
594
852
50
391
453
484
251
26
323
734
425
36
545
341
806
363
257
295
27
208
582
146
677
57
41
964
421
202
824
232
734
313
106
643
733
1
426
306
421
489
992
246
97
40
806
139
474
708
440
460
99
20
376
687
34
369
960
244
670
64
153
530
29
181
999
883
363
187
85
524
649
806
475
439
127
97
299
148
678
957
722
888
145
715
258
292
57
762
292
750
356
747
792
986
796
589
643
19
162
692
222
582
839
600
246
762
740
904
531
334
288
363
873
190
384
446
764
27
551
890
174
173
813
328
250
785
594
47
939
34
215
50
265
691
792
972
635
652
293
285
407
671
103
246
125
187
267
839
355
806
895
285
358
447
614
232
881
726
743
517
355
925
573
460
533
188
26
925
384
579
603
727
75
778
342
887
435
104
236
407
293
824
680
146
754
15
405
89
547
174
215
792
993
33
666
426
404
29
384
712
603
909
138
967
881
607
64
755
593
183
748
768
617
748
166
715
664
726
834
300
173
862
132
404
939
272
159
988
615
586
617
944
54
946
426
292
848
965
642
512
342
19
687
804
761
295
461
537
715
923
740
638
104
453
701
286
166
344
132
19
834
216
397
169
83
460
862
664
852
337
139
131
400
825
376
932
734
89
736
643
145
253
944
180
120
531
572
239
223
82
652
972
894
925
951
999
953
489
726
155
699
992
29
804
47
50
475
488
442
622
236
379
398
467
442
965
285
141
160
957
750
783
502
365
440
173
932
594
12
547
335
460
218
538
656
323
475
411
232
741
61
967
209
82
890
167
936
736
545
866
505
902
558
918
965
677
743
146
824
218
160
376
757
496
978
981
307
383
295
76
12
323
713
355
757
90
544
792
769
502
183
300
355
176
839
404
358
531
390
337
930
670
820
713
663
575
636
502
750
720
705
939
76
782
715
636
572
624
741
726
1
790
425
50
118
278
155
97
600
729
146
131
295
972
656
981
426
649
470
251
754
736
993
271
610
363
754
512
622
271
22
202
271
386
321
901
603
608
810
15
167
733
22
825
733
554
20
614
960
293
397
589
90
173
337
692
719
547
916
201
988
188
341
827
272
642
211
524
439
757
895
327
414
741
201
561
104
33
694
573
278
729
265
810
57
146
397
393
706
565
911
111
964
456
846
628
36
265
670
722
104
180
855
692
691
64
559
964
806
720
467
995
552
845
232
398
12
204
34
593
582
349
131
512
265
649
323
90
635
323
69
978
456
615
180
855
20
838
743
293
985
337
573
712
50
62
726
554
377
572
141
356
922
610
762
103
358
55
502
876
230
292
344
181
824
575
783
75
869
132
40
232
230
530
701
706
173
57
20
635
288
839
761
652
671
824
827
559
390
890
27
600
694
916
327
491
27
299
365
965
614
617
986
369
505
335
887
50
328
327
323
209
313
85
244
719
869
895
684
295
293
47
463
734
754
764
888
215
848
545
635
386
454
404
820
594
397
813
461
761
337
440
201
85
216
572
995
195
803
197
426
810
204
307
516
806
41
859
477
860
537
526
34
474
316
587
957
771
853
369
820
237
775
113
349
124
687
188
866
939
223
355
834
48
908
918
895
61
575
860
614
484
398
187
442
146
348
330
111
89
379
433
446
141
307
117
869
195
425
246
6
509
505
664
614
393
615
782
505
587
404
512
27
957
316
202
852
127
90
551
288
111
607
246
146
516
400
615
418
799
958
775
225
531
957
757
279
432
57
503
19
92
230
201
974
363
299
15
839
257
197
412
978
1
636
516
71
139
593
974
202
635
841
433
68
190
475
229
169
965
523
834
580
845
533
391
481
379
608
264
505
202
299
869
678
138
785
76
684
848
888
943
1
538
159
106
881
348
792
685
467
638
930
145
708
174
362
953
111
446
589
720
971
778
958
369
792
342
418
876
167
656
813
944
145
729
832
229
407
909
47
183
62
82
505
811
775
512
27
705
799
741
152
498
97
558
750
482
761
414
727
299
890
76
152
918
608
306
561
496
887
197
902
446
736
132
607
652
580
292
939
496
530
575
202
334
99
482
355
316
433
299
309
335
796
267
923
803
764
265
495
414
111
656
50
300
670
78
727
467
379
328
341
904
482
523
799
349
628
729
860
124
764
146
229
652
937
915
225
608
166
225
454
257
659
475
572
477
580
607
589
867
131
897
370
705
85
909
166
449
237
845
246
223
467
15
881
978
8
461
593
855
524
460
666
692
243
911
972
376
309
755
803
393
811
418
631
475
271
897
111
432
428
783
621
631
202
348
673
419
705
463
188
733
428
258
509
92
902
726
148
951
544
463
41
572
309
846
173
799
748
978
575
881
943
617
174
250
22
797
838
197
783
432
491
419
152
456
293
782
624
853
166
687
181
782
596
118
292
988
300
271
729
881
33
148
62
726
883
111
663
876
377
453
463
594
159
869
937
411
442
202
229
666
510
852
988
755
922
659
573
593
372
888
551
400
552
292
225
503
61
400
41
250
589
629
187
960
433
810
848
937
747
155
104
838
806
930
929
162
251
145
589
496
187
778
370
621
309
216
117
505
748
649
351
986
992
974
251
446
330
447
901
652
412
551
169
846
845
71
405
691
120
699
565
526
748
54
785
762
530
442
363
635
575
594
187
603
811
523
323
300
96
904
769
278
813
300
768
428
356
866
57
160
971
330
468
299
666
545
82
792
559
453
15
188
54
407
741
817
785
195
950
610
62
684
827
230
663
547
153
558
512
538
236
64
244
61
918
657
859
197
188
866
267
958
33
568
69
439
771
727
117
85
741
936
463
958
124
351
475
964
330
671
936
757
874
999
281
965
551
981
454
544
414
489
936
617
867
103
330
160
145
638
48
824
470
937
103
365
391
950
442
580
180
498
811
138
218
657
334
85
650
152
645
433
565
407
69
292
610
20
705
162
447
782
715
384
54
162
41
96
421
384
887
421
272
446
736
881
89
190
293
663
946
90
992
946
356
89
92
265
432
778
580
831
372
454
131
645
853
243
386
279
173
456
699
215
400
391
47
799
958
26
743
993
656
386
860
838
596
132
866
925
650
418
484
314
152
484
776
138
862
34
635
561
13
502
393
97
418
414
440
131
463
713
425
631
111
565
267
482
145
519
783
61
708
195
278
85
888
96
582
370
460
645
41
712
904
741
124
603
741
320
568
13
887
169
6
89
498
951
726
778
748
572
141
104
817
148
62
474
365
650
964
246
384
460
337
965
313
624
517
194
932
251
376
197
573
971
323
720
852
99
195
194
50
930
138
372
314
796
603
223
705
960
405
915
491
699
565
274
230
593
85
132
537
449
825
593
729
762
768
386
888
572
470
832
747
22
104
243
743
741
390
442
622
908
645
720
733
421
433
432
309
517
446
456
461
523
393
503
852
190
979
12
575
489
82
778
986
516
666
454
299
386
622
894
71
783
383
687
678
999
190
181
733
43
482
600
8
818
215
554
48
96
316
944
579
57
965
5
470
489
698
673
342
754
848
923
173
218
755
691
463
496
810
239
538
733
610
573
215
92
321
985
379
300
859
960
244
341
330
475
796
8
650
733
638
720
677
792
202
82
834
538
117
386
482
887
176
832
579
281
335
593
57
237
180
211
643
124
855
930
635
589
909
859
43
279
887
288
685
264
673
692
551
57
664
425
1
314
537
589
832
901
680
566
761
729
293
705
414
384
992
274
580
397
43
321
355
582
272
180
897
1000
502
113
174
817
694
664
61
547
202
369
1
552
481
526
769
383
918
538
180
435
13
124
855
678
117
127
209
229
50
286
348
659
839
19
253
475
628
519
398
544
652
433
873
967
762
341
302
580
439
771
468
264
764
475
957
995
223
369
407
986
257
652
650
495
694
783
740
309
377
110
827
832
985
967
41
593
638
979
950
862
328
628
64
160
26
960
286
649
729
524
824
862
538
89
232
860
327
729
384
236
302
447
852
589
405
75
225
755
327
344
867
180
953
629
320
463
237
796
435
734
453
771
419
40
687
461
712
533
286
635
407
104
523
414